0 0
-17141 -2089
-17460 -21046
-15260 -13599
-22614 -23753
-17161 -17208
3735 160
-21307 -6229
-18756 23881
-2514 13571
25388 21214
-288 3154
-21509 -27229
-14303 3650
-21564 5704
-1712 -23726
19844 -13516
20869 -21773
-1735 -1723
-6557 22188
23550 13523
13802 23389
21572 -3017
1242 -2431
-20411 8376
-18935 -23918
-4849 -15117
27114 -17547
-3536 -17209
-6595 -17495
23838 -15792
13558 -20632
21585 -4360
2558 25526
-22021 1117
-15342 -21454
-17734 -15966
-17575 -15920
-15153 -22403
-22428 1134
737 7851
7837 -23970
-23403 -13635
-14935 -21148
-18208 -4290
-15765 25880
-20464 1092
-4823 -20173
25654 -19180
1221 -3593
-19696 20371
-20651 21188
-230 -1892
8217 -3443
-22004 5737
-18895 -10512
-4289 24019
22191 15071
14362 18015
21382 15238
3457 22236
-20754 887
-19162 -11035
-4820 28737
22049 -1013
15590 -9796
17511 27305
17088 1741
17465 -19633
15968 -20957
20731 64
4552 6683
-20446 -12883
-20845 29682
115 -2331
4256 -5777
-6018 12522
8577 -28072
-12335 -3109
22609 21520
20445 15392
201 18242
-5739 15239
8492 21939
-13286 3188
24945 -12670
13322 27127
22416 5537
2806 -26843
-11096 259
22667 8169
18410 -15075
7014 29118
-21003 1135
-19108 -11225
-6967 23894
20913 14826
18429 17666
9496 17426
-26709 15903
-3184 20419
13547 7438
-26567 -20624
-6952 -19873
24865 -5445
6274 13121
-21865 -23612
-14142 -15437
-22009 -16505
-5232 -19899
14344 -9621
-26790 26261
-6159 4008
20466 -13311
18193 23585
10537 15315
-24848 16464
-8726 21445
25622 4378
5045 -9679
-13266 11512
21914 -13681
19327 17678
5996 -27995
-11408 -4277
16833 13817
-26448 -23264
-8147 -15088
20355 -17928
18369 -16292
10895 -19536
-20727 -10932
-18392 20413
-11453 19536
21911 8044
14997 -13306
19709 17995
12220 -26612
-23743 -6329
-9892 11813
20110 -13731
18115 14750
12564 -15950
-21420 18616
-16082 -24899
-16809 -11683
-19143 23664
-12584 8734
19996 -13478
17907 15326
13483 -16582
-19784 19132
-18741 -24869
-11205 -9539
14709 15073
-16514 -18708
18848 23532
-23304 11123
-10972 -15396
15456 17961
-17996 -20189
20577 -17835
15717 -13683
18481 16113
15719 -18337
-20547 21213
-14017 13353
17528 -15904
-20648 17033
-14061 -18241
16449 20254
-18103 14119
19990 -16249
15033 16994
-16783 -17338
17800 17737
-18949 -18071
-15864 -17251
17214 -16756
-17805 17810
-16970 16853
-17276 -17066
-16887 17142
107 1167
17136 17028
17114 17220
17433 17250
-17406 -16851
17125 -17234
-16431 -17856
-17398 17586
-18019 -17265
17219 16778
-16061 -15692
-17326 -17891
-18433 -16522
17705 -18232
-16665 15659
15130 18902
19290 -16498
-16251 -17253
-18015 -18324
-16268 15454
-18779 19303
15808 -16128
18153 -17896
16367 -16839
18737 -17440
-14902 -16268
-20065 -19669
16041 17210
17191 -13560
19436 -21237
-16996 17926
13247 -14056
20837 -18999
-14600 -15696
-21668 -20670
18728 17949
-17020 -16074
15703 13057
-12897 18908
-19243 16705
-15737 16403
-19893 19795
14704 -14709
18409 -18379
16649 -16693
17562 -17158
16010 -17262
20729 -17000
-17278 -17009
12893 -17567
19412 -16196
15293 -19640
21107 12846
-17012 22825
12630 -18606
19262 15476
16454 -10704
17239 -23705
17454 18638
16213 -15392
19942 10803
-13119 22478
-21635 -14931
13427 -17371
21844 -20550
-14472 16474
-18507 -11207
-16517 -22676
-17671 14856
-15707 17668
-21606 19767
17855 -13887
-15261 -17481
11730 -21385
18351 18055
20816 -16063
-16682 14407
11823 -11035
19274 -19545
16820 -16682
15920 -15919
21224 -21319
-17230 17084
12687 -12439
18489 -19138
19516 -16712
-14201 -16431
-17439 -20005
-20412 13471
16530 21282
-11311 -13708
-23299 -21104
18572 13785
-15744 21421
12335 -14657
18438 -18768
19366 -15421
-14175 -21442
-18515 18025
-16655 -15760
-17626 12557
-16247 18375
-19624 19300
13168 -14563
22379 -17527
-18769 -20034
17222 17026
-16514 -13402
16076 -17877
-14955 -20060
11466 17169
22698 -13418
-18413 -18903
15904 -15690
-12848 -20339
-20599 18039
15089 -16855
20685 15921
-17731 -13966
14659 -18664
18418 -16003
16801 -19750
17313 18046
16530 -17290
19224 16954
-17865 -16677
16743 16141
-14843 -14313
-18363 -19639
-16222 16175
-19008 18070
17703 16376
-16789 18300
15556 -17429
18806 16205
-17789 17342
16889 18094
-15916 -17594
-18110 17222
16633 -17143
17964 17050
-17295 -16962
16696 16980
17577 -16720
-16943 -17532
-17269 17125
-16162 -28426
-17222 -17048
-17110 17225
17722 -17844
16717 -16589
-17173 17116
17054 -17305
-17087 -17132
17149 -17152
-17267 -17409
17454 -16681
-17808 17222
-16838 -17816
17772 -16430
16725 17224
-17925 -17797
-16528 -17007
18363 -17171
15681 -17178
-16867 -16960
17502 -17657
-18453 -16212
-17227 18163
-16333 16526
18371 18066
16875 15321
17082 -16668
17711 17235
16221 -18263
-19240 19771
-15786 15577
19466 -19534
14707 -14417
-17102 16084
18928 -16589
17356 16911
15773 -17358
-19065 18533
-16144 -20538
-18582 -15240
-14488 19448
16567 15494
-17762 -19904
19212 -13862
17643 16221
14686 -18314
-17728 21296
20882 13197
13055 -15758
-15583 17072
16550 -18545
-17229 21508
18711 12761
-21629 -15468
-13569 16574
17564 -17327
-20673 18486
-14371 -20929
19010 -14541
16391 18722
17582 17936
16659 14273
18203 -16098
15018 16915
-18938 -17992
-17469 19598
-15816 17708
20906 14238
12991 -17306
-15603 19284
16562 17893
-17242 14068
18667 -16389
-21367 17936
-14279 -19638
19023 -17681
16485 -14646
17519 17775
16724 -20488
18377 -14987
14383 20283
-17351 13800
19368 -17490
17747 20764
14325 14214
-17265 -18657
19946 -17594
16510 -15455
16958 19348
18230 16601
15070 16813
-19310 18717
-16028 13637
-18417 -16195
-14971 17918
19030 -19886
17538 -17239
15250 -15769
-19016 21144
-17565 12908
-15271 -16150
18902 18531
18159 -21901
13549 -12528
-15782 15848
16964 -17820
-18544 19824
21303 17232
14383 15683
-20294 -21073
-15097 -13223
20455 15715
13227 -16442
-15571 16550
16738 -16512
-18055 16589
19862 -16907
17343 18168
15451 -20084
-18721 -16149
-17579 -18075
-15793 -15677
18958 18418
16204 17877
18447 14620
14853 -16330
-17643 17034
20202 -17872
15079 19055
-18610 17547
-16762 15104
-17087 -17349
-17691 18726
-16185 17675
19690 14966
14642 -16765
-17233 18170
18738 -19967
17218 -15189
16302 18542
-19788 16715
-14722 17380
16609 16758
-18112 18110
19794 15274
15619 -17393
-19503 18807
-14805 17206
17190 16136
-18909 -18484
-16541 -16504
-17381 -18161
-17062 -15217
-17120 17439
-17071 -18890
-17137 -16601
-17314 -16968
-16769 -18086
-18089 -14998
-15427 16640
17611 -17803
-19541 19111
-15666 16601
18993 16986
15849 17930
-19249 15522
-14792 -17575
16290 19726
-17134 14727
18265 -17074
-20091 18724
-14732 17260
17184 16362
-18532 -18919
-17226 -15944
-16289 18830
18483 15568
16578 -17995
17964 -17306
15491 -16544
-17351 19419
18435 15066
17582 -17196
15633 18750
-17758 16651
19610 17345
15042 17178
-17395 17111
19181 16890
15931 17917
-18832 15563
-15935 -17351
19081 18784
15279 16655
-17235 17028
18549 18019
17532 15429
15340 -17346
-16868 18916
17957 16670
-19552 17004
-15915 18059
19212 15202
14972 -16709
-16796 17916
17769 -19402
-19008 -15668
-16498 18904
-17445 16032
-16791 -18925
-17853 -15036
-15633 16390
17596 -17103
-19518 18025
-14736 -19552
16363 -15615
-16930 18349
17278 16849
-17861 17025
18553 17914
17607 15465
15538 -17496
-16894 18985
17666 15975
-18674 -18178
-16555 -16686
-17074 -17678
-17513 -16440
-16514 18867
18722 15431
15889 -17032
-18155 18232
-16720 17218
-17783 16561
-16072 -18876
18109 -16197
17358 18913
16243 15328
-18324 -17400
-16756 19510
-17271 14742
-16875 -16555
-17799 17600
-16124 -18634
18038 -17291
17576 -16126
15686 18427
-17385 16579
18736 17944
16433 15364
17813 -16795
16124 17605
-18406 -18599
-16636 -17562
-17780 -15339
-16038 16379
18162 -16853
17304 17195
16523 -17798
-18971 18762
-16079 17128
18986 16416
15382 -18362
-17226 -16595
18578 -18084
16534 -15629
17859 17551
16039 -19615
-18075 -14881
-17386 16407
-16305 -16824
18417 17131
16824 -17449
16881 18218
17946 -19750
15672 -15029
-17613 16562
19151 -17293
15340 17898
-17170 -19401
18609 -14959
16772 16646
17129 -17183
17625 17849
16488 -18613
-18981 -16703
-15221 -17263
16572 -17056
-17080 -17470
17966 -16354
-19134 18254
-15958 16902
18815 17116
15606 17650
-17379 16219
19138 -17993
15110 -17618
-17129 -15526
18590 16561
16421 -17064
18038 17359
15594 -18094
-17538 19232
19059 15933
16041 -18465
-18635 -16049
-15649 17788
17427 17475
-18926 15803
-15771 -16956
18239 17663
16544 -18535
17650 -17316
16482 -15893
-18791 17270
-15894 -18188
17846 -17347
17402 -15886
16356 17591
-18469 -19099
-16604 -16046
-17790 18803
-16146 15285
18105 -17116
17297 18448
16540 17205
-19129 16341
-14978 -18413
16427 -16739
-16944 -17332
17189 -16892
-17941 -17664
18927 -16075
16514 18316
17641 16643
16582 17703
-18953 16208
-15352 -18099
17287 -17374
-18720 -16450
-16290 18980
-18266 15711
-15189 -18345
16853 -16764
-17561 -17002
18672 -18041
17516 -15159
15234 16717
-16771 -17970
17599 19368
-18573 15635
-17296 -18292
-16203 -16864
18485 -17054
16518 -17888
17780 -15517
16301 17227
-18958 -18495
-16012 -17388
19172 -16142
15068 18269
-17487 17322
19314 16441
15812 -19309
-19281 -14945
-14531 17203
16202 -18861
-16783 -16326
17173 -18104
-17943 -15878
19246 18790
16222 16397
18287 18099
15136 15453
-16522 -17315
16938 18629
-17164 17122
17804 16369
-19059 -19140
-16359 -15936
-18137 19004
-15400 15435
16607 -17466
-17081 19239
17889 15765
-18944 -18886
-16432 -15580
-17987 18050
-15655 17502
17491 15700
-19189 -17263
-15627 18489
18141 17180
17207 16581
16605 -19174
-18926 -15271
-16064 17321
19077 -18627
14958 -16704
-16294 -16918
16669 -17861
-17055 -15886
17388 18369
-17970 16873
19018 17334
16669 16778
16973 17956
17669 15513
16496 -16524
-18867 16770
-16048 -17058
19033 17276
15065 -18006
-16785 19224
17865 16032
-19082 -18500
-16099 -16233
18769 18711
15306 15551
-16842 -17188
17799 18369
-19282 16738
-15540 17335
17872 16973
17382 17590
16346 16607
-17991 -18988
-17348 -15339
-16536 17388
19019 -19044
15201 -15639
-16723 17956
17647 17563
-18564 15524
-17193 -16510
-16086 16766
18159 -17058
17279 17237
16503 -17773
-18712 18443
-16136 17128
18605 16718
15692 -18727
-17234 -15686
18173 17082
17179 -18363
16472 -16568
-18003 -17866
-17536 -15591
-15999 16712
17473 -17099
-19192 17739
-15131 -18326
16697 -17492
-17762 -15663
18747 16678
16062 -17169
-17976 17755
-16862 -18983
-17304 -15978
-16991 17831
-17210 16948
-17095 17172
-17123 17130
-16955 16871
-17747 17936
-15889 15739
17613 -17175
-19137 18496
-15140 16585
16537 17765
-17274 16459
17884 -18561
-18980 -16294
-15803 18888
17837 15476
17452 -17157
16110 18273
-17365 16566
18247 18045
17513 15417
15755 -16635
-17343 17029
18406 -17254
16824 17723
17026 -18360
17692 -17274
16290 -16313
-17903 17864
-17170 17482
-16612 16157
18851 -17601
15263 19220
-16470 15084
16985 -16505
-17390 17070
18029 -17834
-19132 18645
-16035 16571
18427 17573
16411 16759
-18127 -18360
-16365 -16126
18698 17845
15442 17195
-16699 16683
17816 -19047
-19167 -15055
-15789 16564
18159 -17202
16804 18081
17213 -19282
17138 -15266
16923 17171
17825 -18316
15816 -17088
-17460 -16715
19126 19044
15825 15465
-18120 -17242
-16539 18388
-17974 17162
-15658 16517
17384 -19199
-18776 -15026
-16487 16484
-17864 -17152
-16115 18070
18446 -19333
16525 -15977
17889 19170
16209 15086
-18410 -16423
-16447 17085
-18130 -18189
-15457 19958
17612 14455
-19451 -16263
-15518 17109
17948 -17888
17572 19119
15600 16318
-17733 17993
19570 15587
15090 -17399
-17302 18510
19003 17275
16333 16383
17985 -19314
15893 -15096
-18456 17267
-16357 -18808
-18189 -16547
-15047 -17307
16824 -17260
-17805 -16698
18841 -18097
17472 -15312
15394 17647
-17362 -19675
18843 -15683
16622 19275
17112 14853
17737 -17596
15953 19950
-18332 14505
-17656 -17149
-15272 19125
17370 16575
-18879 17347
-17605 16642
-14849 18294
16330 14671
-17044 -16338
17980 17137
-19533 -17877
-16453 19035
-17343 17209
-17126 16460
-17182 -19462
-17114 -14727
-17152 16643
-17208 -18028
-16895 19695
-17791 15588
-16108 -19117
19327 -15718
15731 19375
-19131 14756
-15761 -17473
19754 19825
14249 15240
-16494 -18336
18123 -17773
-20266 -14718
-15067 16238
18403 -17025
17847 17886
14900 -19013
-16725 -17640
18131 -14563
-20025 16246
-15597 -17112
19742 18383
14267 -20497
-16209 -14166
17167 16444
-18147 -17695
19896 18757
15158 17549
-18270 15277
-17446 -17625
-16113 19582
18338 14889
17390 -17463
16010 19700
-18564 15461
-16897 -18614
-16977 -16400
-17732 -18057
-16127 -15866
19188 18667
15773 16687
-19566 17403
-14716 16686
17502 18305
-19926 14795
-15119 -16646
18183 18170
17884 -20554
14643 -14220
-16227 17218
17153 -19352
-18382 -16246
20054 -17957
15392 -16017
-19307 19940
-15807 14585
19631 -17243
14366 19090
-16476 16156
18047 18538
-20182 14360
-15106 -16259
18647 17167
16713 -18462
16995 20421
18089 14446
14897 -17547
-17233 19890
18774 15595
17314 -19475
15814 -14480
-18467 17366
-17830 -19750
-14797 -15126
16769 18606
-18248 16753
20616 17307
14282 16841
-17411 17861
20109 16014
15129 -19493
-18320 -15182
-17358 18682
-16259 16385
19594 18194
15415 15672
-19550 -18975
-15020 -16286
18186 -18053
17886 -15801
15014 19776
-17863 14922
20731 -18315
13891 -17795
-16996 -14920
19213 17878
17084 -20526
16077 -14760
-19824 18904
-15321 16144
19623 18517
15431 14607
-20105 -17361
-14075 19269
17500 17623
-20825 14709
-13711 -17338
17443 19377
-20682 17370
-14467 15561
18514 -18827
17533 -17522
16038 -15476
-20511 18675
-13375 17896
15728 14615
-16668 -17787
17206 20810
-18224 14425
20082 -18532
16019 -17587
18319 -15505
15506 18608
-19096 17539
-16089 16006
-18459 -20336
-14735 -13622
17818 16394
-20487 -18206
-15054 20629
20119 14983
13914 -20408
-17463 -13541
20311 16320
14890 -18193
-19815 20959
-14734 14342
18590 -18896
18009 -16114
14211 -18663
-16129 -13842
16979 15951
-18100 -16609
19554 17210
17787 -18166
14083 19734
-16366 17303
17840 15673
-19573 -18414
-16160 -17813
-18047 -14766
-16027 16598
19655 -17942
14603 19473
-17532 16026
20046 18406
14989 14969
-18086 -17261
-17437 18783
-16195 17517
19445 15290
15274 -17650
-18284 19866
-17386 15213
-16011 -18065
18363 -17698
17798 -15240
14915 17654
-16359 -20212
17017 -14091
-17808 16130
19115 -16814
17173 17348
16026 -17883
-18349 18891
-17257 17231
-16499 16637
19152 -19175
15200 -15124
-17216 16727
18623 -17848
16395 19515
18085 15150
15337 -17176
-16819 18350
17649 17393
-18753 15956
-16584 -17359
-17155 18612
-17280 16765
-16874 17269
-17547 16837
-16525 17763
18687 15937
16063 -17534
-18442 19240
-16217 15406
18669 -17225
15549 18361
-17505 17221
19187 16676
14936 -18810
-16519 -15905
17117 17929
-17935 17239
19219 16404
15095 -18013
-16504 -17508
16978 -16018
-17296 17573
17722 -19000
-18387 -15488
-17307 17388
-16383 -18791
17824 -15599
17214 16659
16780 -16982
-18698 17257
-15681 -17857
17174 18791
-18032 16328
-17213 -18203
-16803 -16471
18355 18069
15893 16368
-16794 -17623
17200 -17542
-17736 -15956
18201 16916
16874 -17526
16977 18113
17568 17273
16294 16254
-16874 -16767
17275 17168
-17797 -17549
18614 18164
15927 16608
-17263 17376
17942 16830
16428 -17662
-16855 -16673
17110 18049
-17338 16630
17667 -18039
-18401 -16157
-16488 17268
17858 -17969
16600 -16537
-17819 17561
-16557 17216
17541 16684
17244 -17595
16707 -17282
-18087 -16308
-16226 16916
17108 -17460
-17883 17780
-16717 17134
-17580 16835
-16438 -17997
17399 -16695
-18064 17797
-16228 16493
17222 -17663
-17910 -16932
-17143 -17205
-16776 -17094
18051 -17579
16633 -16416
-18180 17182
-15921 -17919
16789 -16847
-17246 -16989
17766 -17720
-18625 -16080
-15818 16810
16841 -17255
-17500 17534
18068 -18309
16623 -16270
17709 17542
16540 17335
-17395 16599
18217 -17351
16202 18244
-17686 16355
-17169 -17714
-16738 -17149
17865 -16705
16966 17870
17230 16919
17037 17059
17431 17621
16539 15993
-17806 -16766
-16847 17270
-17518 -17813
-16659 18710
18388 16188
16310 -18226
-18226 -16347
-15768 17702
16637 17486
-16898 16101
17251 -17446
-17642 18225
18214 17245
17309 16474
16193 -17789
-17438 -17266
18486 -16883
15659 18402
-16601 16132
16855 -17651
-17207 -17515
17545 -15935
-18266 16950
-17232 -17728
-16410 18825
17671 15677
17307 -16748
16709 17293
-18405 -17815
-15599 18616
16585 16118
-16981 -17976
17033 -16681
-17011 -17837
17022 -15756
-16928 16711
17038 -17243
-17157 17747
17539 -18604
-18060 -15867
-17088 17179
-17006 -17718
17933 -17204
16215 -16574
-16765 17242
17241 -17773
-17581 -17276
18449 -16781
16279 18149
-17818 16518
-16953 -17933
-17609 -16225
-16129 16878
16952 -17654
-17692 18660
18625 15840
16107 -17179
-17783 18070
-16827 16792
-17533 17491
-16697 16700
18340 -18414
16253 -15957
-17778 17366
-17028 -18649
-17138 -15638
-17166 17237
-17161 -18690
-17009 -16062
-17547 17783
-16441 17564
17990 15831
17297 -16789
16376 17041
-17897 -17240
-17539 17657
-16035 -18240
17328 -17393
-18192 -16096
-17273 17246
-16668 -18063
18108 -17137
16738 -16640
17628 18140
16651 16843
-18659 17349
-15759 16893
17203 17536
-18456 16312
-16741 -18045
-17328 -16721
-16893 -17725
-17592 -16297
-16455 17975
18718 17335
15966 16342
-18189 -18040
-16463 -17253
-17858 -16424
-16380 18733
19124 15814
14989 -18229
-16462 -16808
17112 -17083
-17745 -17712
18687 -15990
17488 18126
15395 17591
-16888 15588
17881 -17254
-19382 18466
-15513 17279
18033 16172
17373 -18272
16303 -17302
-18341 -16546
-16508 19370
-17790 14793
-16385 -16420
19384 17092
14940 -18148
-17237 19970
19075 14720
16335 -17296
17787 18805
16255 16390
-19043 17896
-15879 16272
19076 -19533
15667 -14868
-18356 17202
-16873 -19034
-16961 -16237
-18148 -18001
-15060 -16084
17665 19499
-20106 15357
-14425 -18235
17197 -17846
-19210 -14788
-16527 16720
-16990 -18353
-18360 20659
-14879 14274
17633 -17662
-20436 20376
-14105 14449
16466 -17548
-18156 20285
20245 14853
15353 -18407
-20018 -16712
-14281 -17366
17427 -16766
-20265 -18372
-14695 -14209
18368 16206
17568 -16652
15979 16803
-20380 -16786
-13368 16735
15824 -16959
-17217 17156
18451 -17917
-20293 19160
-15357 17454
19734 15209
14880 -17354
-17380 18718
19413 17090
15500 16408
-19106 -19328
-15489 -15670
18619 19068
16439 15509
18002 -18166
15780 -17853
-18733 -15022
-16320 16778
-18370 -18155
-14674 20084
16697 15496
-18175 -19673
19965 -14718
15651 17467
-19310 -19769
-15276 -15645
18428 19478
16752 14424
17013 -16452
17778 18031
16114 -20554
-19951 -13856
-13998 16077
16159 -17150
-17144 18251
18376 -20083
-20725 -15397
-13938 19820
16634 14522
-18153 -17129
20010 18750
14455 16473
-17170 17428
18943 16859
17187 17854
16424 15852
-19962 -18347
-14300 -17799
16307 -14978
-17195 16578
18345 -17701
-20122 18937
-15104 17526
18321 15197
17368 -17682
16213 19843
-18664 14600
-16460 -16580
-18115 17729
-15306 -19054
17728 -16614
-20114 -17027
-14314 -17777
16401 -15916
-17178 18178
18390 17650
-20166 15431
-14615 -17472
17441 19055
-19739 16661
-14942 17030
17117 17779
-18631 15854
-17434 -18270
-15545 -17400
17476 -15991
-18996 18695
-16710 16391
-16974 18261
-17836 15359
-16242 -17648
19494 19549
14888 15744
-17399 -19299
19677 -14823
15429 17147
-18572 -18671
-16368 -17196
-17966 -16070
-16200 18727
19554 16590
14831 17337
-17062 17195
18612 16919
17682 17877
15041 15795
-16649 -18372
17804 -17707
-19314 -15055
-16319 16607
-18071 -17716
-15745 19293
18282 16308
17414 18300
16356 15241
-19112 -17327
-15968 18519
19400 17556
14894 15321
-17607 -17332
19947 18946
14596 16369
-17043 18417
18818 14724
17142 -16342
16432 16777
-19598 -17173
-14783 17895
17252 -18797
-18746 -17311
-17381 -16372
-15567 18998
17300 15679
-18444 -18051
-17469 -17422
-15647 -16170
17278 18234
-18578 17823
-17507 15323
-15372 -16666
16641 17152
-17175 -17999
17820 19337
-18692 15815
-17266 -18880
-16414 -15867
18110 17844
16914 17531
17078 15887
17853 -17577
15704 19386
-17293 15029
18658 -16447
16447 17173
17650 -18082
16468 19123
-18982 15981
-15431 -18740
17317 -15332
-18765 16513
-15799 -17012
17850 17882
17343 -18879
16307 -16709
-17961 -17018
-17565 -17761
-15814 -15957
16827 17486
-17476 -19316
18300 -15145
17447 16616
16000 -17635
-17540 18573
18859 16788
15901 17070
-18020 17625
-16960 16384
-17058 -17974
-17607 -17019
-16412 -17019
18626 -17607
16139 -16218
-18561 17946
-16155 17564
18631 15719
16096 -16841
-18562 17932
-16193 -19568
18645 -15035
16039 16519
-18751 -17272
-15518 17916
17113 -19207
-18349 -15841
-17477 18756
-15638 15912
16625 -17933
-17144 -17378
17768 -16230
-18726 18100
-16444 17469
-18067 15866
-15668 -17346
16907 18185
-17944 17471
19219 16005
15414 -17617
-17573 19293
19150 15311
15347 -17099
-16665 18491
17727 16720
-18806 17259
-16309 17208
-18075 17189
-15745 16896
17516 17802
-18970 15658
-15666 -16877
17901 17788
17520 -19216
15909 -15758
-17364 18000
18406 17312
17522 16402
15541 -18226
-16825 -16878
17985 -16888
-19521 -17907
-15141 -15342
17414 16491
-19107 -16998
-16075 17341
18965 -18048
15201 19741
-17468 15238
19138 -17462
15263 19032
-16502 15803
17031 -18187
-17691 -16778
18489 -17420
17216 -16740
16163 -17954
-18006 -15723
-17349 17345
-16548 -18664
19090 -16585
15003 -17290
-16374 -16961
16870 -17540
-17276 -16405
17874 18803
-18797 15744
-16838 -18026
-16940 -17357
-17672 -16465
-16212 18312
18050 16544
17287 17781
16578 16464
-19346 -19134
-14906 -15210
16379 17226
-17210 -18389
17819 -17573
-18595 -15544
-17460 16814
-15623 -17842
17623 19285
-19231 15839
-15275 -17956
17322 -17672
-18945 -15795
-16065 17329
18792 -18644
15912 -16784
-18784 -16826
-16011 -17932
18881 -15558
15800 17635
-18309 -19665
-16527 -14776
-18092 16522
-15509 -17717
17646 18668
-19444 17411
-15418 15477
18312 -17309
16568 18422
18094 17279
15135 16286
-16550 -18610
17176 -16763
-17836 -17082
18772 -17880
17474 -15390
15174 17397
-16412 -18498
16919 -17496
-17226 -15329
18240 16677
-19910 -17111
-15052 17727
17223 -18550
-18557 -17144
-16767 -16740
-17023 18744
-17598 15449
-16390 -17223
18581 18511
16039 16621
-18209 17747
-16919 16195
-16936 -18454
-17619 -16555
-16360 -17907
18880 -16131
15846 18313
-18248 16663
-16940 17804
-16973 16164
-17788 -18122
-16090 -17662
18350 -15425
16742 16464
16978 -16763
17700 16908
16364 -17039
-19383 17331
-15099 -18062
17204 19530
-18659 15606
-16536 -17853
-17917 -17602
-15723 -15514
17394 16823
-18673 -17760
-16431 19520
-18040 14922
-15559 -16513
17617 17150
-18956 -17682
-15740 18481
18015 17538
17363 15459
16589 -16855
-18607 17777
-16167 -19223
18854 -15703
15238 18013
-17106 16913
18390 17071
16441 17588
18068 16479
15399 -19179
-16859 -15092
17593 16497
-18528 -17168
-17276 18134
-16268 -19695
18083 -14816
17445 16559
16355 -17220
-17976 17759
-17191 -18431
-16560 -17211
18722 -16525
16142 18670
-18376 15786
-16293 -17562
18629 19111
16238 15441
-18812 -17252
-15361 18731
17185 16485
-18309 17974
-17493 15328
-15404 -16573
16590 17292
-17178 -18171
17939 19478
-19222 15267
-15875 -17562
17791 19061
17392 15603
15893 -17115
-16664 18212
16808 17320
-16994 15890
16989 -17411
-17019 18648
17077 16535
-17068 17954
17080 15814
-17214 -16948
17632 17512
-18237 -18179
-16775 -16781
-17152 -17494
-17419 -16713
-16571 17587
17467 17265
-18527 16789
-16216 -18321
17697 -16115
16933 17415
17241 -18499
16908 -16008
17749 17332
15938 -18728
-16943 -15781
17520 17266
-18275 -18212
-17178 -16627
-16762 -17835
18573 -16097
15920 17375
-16682 -18463
17046 -16096
-17166 17817
17893 16913
-18875 17084
-15715 17691
16865 16038
-17522 -16983
18194 17617
16780 -18589
17274 -16140
17016 17934
17405 17022
16723 17157
-18265 17351
-16321 16719
18359 -18608
16258 -15921
-18253 17312
-16123 -18678
17722 -16067
17492 17844
16101 17513
-17534 15732
18881 -16899
15917 17630
-17986 -18291
-16805 -17447
-17360 -15770
-16969 16680
-17701 -17167
-15774 17840
16727 -18940
-17301 -15932
18055 17793
-18958 17387
-15671 16528
17391 -18433
-18805 -16248
-15780 18022
17168 16593
-18249 17716
-17324 16463
-16030 -18903
17300 -15307
-18259 16580
-17228 -17118
-16481 17723
18657 -18702
16164 -16730
-18418 -17030
-16437 -17783
18605 -15791
15577 16704
-17196 -17199
18222 17852
17483 -18731
15571 -16680
-16844 -17198
17822 -17327
-18975 -16909
-15618 -17546
17251 -16339
-18132 18007
-17512 17250
-15772 16645
16815 -19013
-17635 -15357
18329 16804
17379 -17909
15884 19178
-17617 15722
19079 -18123
16090 -16566
-18684 -17808
-15321 -15758
16523 17305
-16956 -18328
17131 -17420
-17035 -15579
17054 16505
-17034 -16753
17326 17022
-17717 -17302
18493 17855
16842 -18751
17102 -16377
17524 17890
16491 16680
-17363 -17978
18008 -16325
17276 17610
16184 17546
-17339 15834
18281 -16944
16880 17579
17025 -18591
17683 -16285
15983 18236
-16950 16305
17626 -17762
-18598 -16794
-15999 -17720
17810 -15758
17320 16729
16640 -17104
-17834 17645
-17478 -18810
-16088 -16221
17415 18471
-18354 15746
-16360 -16880
17814 17725
16760 -18943
17650 -15717
16458 17214
-18041 -18261
-16738 -16747
-17830 -17189
-15953 -17520
17521 -16554
-18762 18329
-16004 16363
18089 -18652
16627 -15429
17963 16598
15628 -16934
-16627 17028
16989 -17313
-17358 17686
18048 -18589
-19043 -16747
-16117 -17232
17623 -16944
17454 -17550
16306 -16214
-17007 17151
17770 -18071
-18909 -17309
-15577 -16473
16663 17959
-17158 16983
17580 17156
-18346 16949
-16548 17625
-17785 16481
-16246 -17938
17425 -17017
-18253 -17082
-16673 -17642
-17719 -15860
-15926 16939
16796 -17482
-17288 18127
17931 17271
-19048 16550
-15741 -17842
17455 -17404
-18581 -16270
-15946 17042
17192 -17774
-18274 18986
-17057 15678
-16782 -17176
18515 18360
16402 16665
-18213 17767
-16068 16016
17648 -17660
17415 19008
16190 15329
-17610 -16753
18850 17805
16261 -19038
-18528 -15863
-15508 17839
17409 17465
-18675 15958
-16137 -16653
18814 17019
15596 -17213
-17477 17981
19188 -18884
15391 -16106
-17408 18545
18977 16041
15708 -17785
-17194 -17192
18610 -16466
16566 18320
17773 16480
16284 18079
-18730 15489
-15954 -16872
18163 17945
16644 -19514
18103 -15085
15249 17154
-16876 -18793
17874 -16339
-19524 -17829
-14663 -16273
16571 18974
-17936 15982
19331 -18965
