0 0
-14235 6303
-10473 -14039
-9005 -8553
-15689 -16953
-9075 -3493
15513 11509
-2665 -7805
-13649 15853
-7367 11574
19772 20168
7992 11178
-13125 -18608
-13272 -6676
-13981 13522
-10227 -16369
19871 -14158
17262 -13738
8361 -10201
492 14787
15743 8922
16994 9647
9976 18909
-9756 5243
-20777 6674
-11219 -17878
-11795 -12367
16722 -16587
9886 -15242
-10020 -15374
16627 -16671
12709 -17932
14562 -9288
9042 13387
-14996 6791
-12266 -17200
-16828 -11518
-16154 -15605
-10993 -14350
-13955 -4387
-8337 12442
13924 -17038
-15021 -16626
-13131 -15594
-15332 -3195
-8538 20471
-14996 8009
-13633 -16706
15220 -12866
5002 -10587
-13005 15883
-13497 14192
-9712 1932
9482 -7334
-16716 12132
-13130 -9331
-7148 13961
10823 12603
14700 14135
13548 12586
17325 12042
-19234 8480
-11996 -11879
-7704 22008
15157 11516
11222 -7146
13813 17157
14798 5480
14114 -12245
14825 -12025
13056 -8807
10728 11472
-14911 -13970
-14938 17248
-6806 8267
9885 -9496
-12505 15620
14134 -22844
-15548 -9490
16496 20412
13948 9628
5077 10385
-11096 14816
15850 17637
-12844 8190
24741 -14247
13637 20888
17763 10896
9574 -17476
-12957 -5878
16242 11910
13814 -9902
6983 23368
-14005 4694
-16344 -14160
-13875 14740
9017 13294
16464 8895
13706 15521
-15926 16526
-9771 15080
13577 10857
-16671 -15386
-14346 -12247
19452 -7584
13452 11662
-13961 -15089
-11150 -8567
-18008 -18081
-9400 -13453
15257 -12949
-18904 19828
-6862 7162
15576 -16248
12374 14931
14274 15901
-18473 17396
-14887 12040
16513 12690
17847 -12326
-15575 15030
14388 -16220
9768 12792
11925 -15243
-9086 -12839
16703 8318
-10875 -15554
-16980 -10168
17160 -12076
13084 -17773
12463 -14476
-19273 -15177
-13205 15480
-14115 12665
21607 11131
18017 -12637
12588 15390
18576 -18035
-11256 -16727
-10875 12065
14336 -11123
14136 12868
14542 -14925
-17901 13127
-15972 -17253
-18363 -7175
-15675 17787
-14910 13140
16031 -10547
15873 19298
13764 -15747
-10388 10621
-15026 -13858
-16823 -10474
15420 13983
-15360 -13496
10003 15146
-22198 5625
-12382 -12294
17109 15293
-18204 -18491
18679 -16801
15684 -21463
17443 10883
14310 -10576
-18741 10993
-10630 14067
11743 -17779
-16061 17992
-11812 -13933
15522 13565
-14638 15662
11392 -11634
13367 13991
-18706 -17874
12463 16898
-16179 -10162
-15463 -14165
14391 -11229
-16593 16359
-13746 15658
-7545 -15155
-17298 13768
11778 -20131
19317 16096
11692 14768
13297 14774
-14086 -15854
13892 -22557
-12770 -13628
-17490 17767
-21029 -16527
12795 9932
-17308 -13866
-15871 -11898
-11558 -9434
13612 -9445
-15346 14252
17010 15498
17362 -10510
-13019 -16606
-16191 -12705
-9766 16126
-16011 16154
15906 -15169
16228 -16336
15975 -12242
13581 -11017
-13775 -15425
-18144 -15259
17225 17481
15564 -14415
16408 -11394
-13934 15381
13105 -13547
20096 -13721
-15171 -16132
-24113 -14696
16587 16046
-13430 -10857
14907 12922
-9985 17551
-12943 8955
-12032 11125
-18528 13468
15874 -13514
19435 -13111
13410 -11400
9039 -14435
16079 -12971
16611 -8925
-17854 -14970
8715 -19105
14275 -9728
15555 -15171
14860 11027
-13097 12866
6489 -10912
17815 14374
17298 -11092
16153 -12966
12928 8675
12306 -19257
19352 11181
-12553 19968
-16511 -8780
15668 -13520
17281 -17555
-12578 12603
-13582 -6025
-16635 -17062
-12895 16321
-15801 10895
-16296 17293
14124 -13765
-10470 -13774
11729 -24000
15717 17342
23051 -13626
-11240 10570
9066 -8200
17073 -15594
16232 -10372
8516 -12823
14983 -16912
-16800 11406
9804 -10096
16511 -9148
15658 -12351
-20199 -12452
-14519 -16619
-16741 11619
6719 20577
-10875 -5878
-24403 -14655
17052 8869
-14670 21586
10036 -11748
15146 -18034
12159 -15350
-11336 -15715
-16259 16144
-16801 -10592
-15536 5153
-10271 15651
-15496 11269
8796 -12695
19000 -18231
-12168 -17055
14188 14744
-14724 -7473
13804 -19118
-9533 -18977
9161 14853
24490 -11653
-14159 -16454
6297 -5825
-9999 -19623
-22980 15639
10424 -14018
17069 14890
-18253 -8698
11748 -19725
18006 -18632
15565 -16321
13028 11133
9384 -11948
16540 11209
-11881 -12950
11571 12131
-7157 -8824
-16228 -22324
-15282 16317
-14274 24243
18211 12207
-15650 12863
11109 -14636
16398 9507
-17932 16562
13526 16333
-8749 -12884
-22351 10965
5462 -13285
13095 10023
-15780 -8267
12127 11675
16312 -13545
-12399 -20926
-12114 12352
-12497 -5220
-14697 -22752
-22850 12526
14706 -11885
18231 -19785
-21160 20552
9762 -15417
-13694 -17074
14447 -13256
-12280 -15242
12450 -13803
-12805 13246
-20954 -8157
16577 -18622
13445 19837
-12445 -15197
-18503 -19318
12880 -9694
18961 -11620
-17568 -15875
10911 -15739
-15457 -12662
-16990 8086
-16735 12371
14012 12687
15190 12633
17601 -17256
17754 13236
12303 -16481
-11778 13188
-21158 15493
13692 -11618
12684 -17117
-10418 15247
13932 -15834
13653 14655
16765 -12206
-13461 12807
-13705 -9425
-14073 -18609
-15304 14240
16751 12697
-15692 -13087
18557 -16405
11843 11437
13429 -15935
-11961 9912
6184 19536
14229 -12123
-14037 17889
16280 -11531
-15513 14167
15626 18476
-14565 -14105
-16619 13615
16206 -15530
-12915 9750
-9588 -17966
14495 -15086
11579 21106
15243 12744
14499 11704
12305 -18063
14417 18095
-14531 -14497
-18252 11500
-15564 13728
10349 10323
10334 -16471
-14672 9834
13576 19111
-13339 12414
12863 -16165
-15678 18755
-11877 -14500
16249 -16624
12063 -15152
13752 17354
16909 -15369
11080 -15910
10371 11671
-16154 14398
17624 -17442
18965 14695
12715 13347
-12001 -13197
15114 -10778
16260 -11942
12464 16619
13478 12874
10238 16303
-11932 15150
-10851 14314
-16102 -13131
-11679 17439
14013 -13844
12679 -15895
21813 -10285
-16281 12422
-13572 12212
-15119 -15397
15743 18448
14203 -9152
15994 -10846
-17111 11736
15458 -12342
-15283 16440
16252 13687
10845 13679
-14037 -17334
-13796 -14638
19082 12525
13198 -15458
-14653 11931
10938 -9852
-16505 14841
15037 -8674
11583 14857
17124 -18995
-16053 -15661
-14020 -10600
-9679 -18562
17934 17237
15639 11701
8895 12903
11455 -18710
-10750 18229
14494 -13387
15486 14486
-13917 13607
-11237 15526
-14996 -18693
-17248 17826
-12548 12321
14315 6741
9112 -8051
-16736 13411
13784 -16873
10932 -13331
12014 22797
-15736 12858
-14593 19069
11540 8989
-16820 17306
15896 12777
8750 -16094
-17798 15479
-12194 11439
12148 18372
-14345 -15435
-14477 -18145
-14398 -17246
-10642 -12091
-13497 14312
-13689 -16784
-14682 -9642
-16827 -13399
-13359 -14604
-18514 -10505
-8696 12673
17973 -15207
-14679 15986
-13068 13698
19112 12498
7968 10331
-15248 14201
-10697 -13349
12769 16162
-13303 12699
17002 -11720
-20903 21321
-8905 13334
15028 10117
-16983 -9583
-10529 -14029
-15123 14751
15947 9802
17191 -14227
10235 -16445
10136 -12454
-14805 18530
15057 15581
16148 -16113
6432 16929
-14273 16657
16225 16181
7005 12300
-15404 16691
15383 10832
11842 15938
-15643 9531
-13288 -13673
16668 12809
14031 11866
-12845 13265
11785 17477
14788 11893
8530 -15615
-16329 15721
10662 15351
-21172 14345
-15429 14455
14623 12542
7015 -6856
-17007 12582
13941 -17354
-18921 -6822
-13022 18268
-14713 13150
-14586 -10735
-11816 -10352
-14805 11980
16937 -16347
-12491 12679
-10995 -17562
17755 -11769
-12153 23268
14180 9795
-19228 14071
17241 14204
20485 7526
6830 -16290
-15401 19744
19191 12632
-13850 -14520
-6000 -14853
-12589 -14907
-15058 -11060
-11463 14020
14793 13540
10755 -12745
-13544 12900
-16418 12805
-12441 15887
-13107 -15867
15940 -15117
14220 12539
10656 11145
-16260 -10753
-15138 11466
-13343 9352
-10316 -16002
-20351 13076
-9120 -16980
11285 -13713
15240 -9245
13187 15261
-17913 8164
17391 12486
14290 9416
13238 -17546
16120 7997
-16460 -16932
-12782 -15338
-12497 -14077
-16716 11700
15527 -16203
19296 13278
14504 -11861
-15066 12096
-15251 13424
16644 13303
8991 -15577
-13547 -19241
15421 -17046
17855 -13816
12861 9107
8954 -19129
-13418 -12343
-15133 13667
-14197 -9583
15027 11522
7445 -14986
11970 17675
9546 -18297
9883 -10467
-16612 12108
11446 -18688
13462 13519
-12278 -18337
15631 -14872
17014 17867
13633 -13820
13481 16951
18193 -12757
-20033 -11020
-16855 -16212
15630 -12890
-9186 -12576
17455 -9909
-17631 14824
-13405 18947
12677 19778
11789 11442
-12162 13229
15039 -14685
11782 -19393
-18674 -11876
14577 11275
15128 -17755
14483 12895
10340 -17992
-13014 8542
12242 10957
12619 -13269
-16443 -10564
-16578 13612
21064 15566
-14565 13464
-12319 -15687
14017 13774
8195 -13757
12091 -14980
19846 -18932
-16899 14474
-11731 -9076
12636 -14188
18194 -10967
13316 15095
-21898 -15832
-15991 -14820
-13626 11579
-19435 14500
17574 -10678
13365 16235
17507 14591
-12289 15983
-20020 -10769
12093 -12705
-11836 -11804
11789 -14515
-18682 -11761
16501 -14322
10995 11366
11984 13823
16889 9749
-15506 17519
-16071 -18451
18787 -16488
-11134 -10320
-13030 13899
-14939 13453
-12088 -10770
17176 -11510
-7784 -15078
14448 -15935
13286 -17602
11977 16516
-18266 -14652
13996 12565
-9331 11927
-17112 -14148
-8823 -19264
12008 -12283
13775 -14767
13984 -15936
9630 15995
-12334 -12395
-17244 -21156
16769 -14032
11239 12822
-16061 13750
11583 12970
14078 -8603
-11223 -13438
-15136 11305
12944 -9817
-11724 -14335
13421 -17555
-12105 -10351
10881 15036
15824 10160
15587 14364
11459 14355
-16564 -15181
23062 15787
-14173 15135
12742 9871
-7416 -12204
-18483 -11648
-16877 13604
-18026 16814
12288 -19035
-13922 14147
21125 18626
-12344 -16461
-18869 -17344
-10779 21908
-11870 9361
13619 17259
-9431 -12618
-15642 10849
14467 14517
15161 15026
17317 -15556
-14453 -14928
-19754 20231
10255 -11188
21492 -10722
-15738 -9006
9828 -15517
-15272 -10011
15683 14282
-13655 21123
11975 13274
13429 12015
12201 16307
16205 19556
13247 -13397
-15934 10204
-19037 -16407
18949 10558
16380 -15361
-17541 7768
11391 13735
-15598 -12920
-13829 -15333
11714 13456
14391 18891
-20833 -16238
13818 12397
-9680 13080
-14655 15295
9846 15310
15071 15489
15960 14934
-12189 -16843
-21849 -18648
-14920 15161
16311 -9141
18496 -13659
-16935 13317
15442 11086
-13019 17308
-14843 -15277
-12100 8279
17152 -10363
14768 13760
17328 -18110
-9361 9237
-14782 16435
16185 12010
12401 -15730
-17866 -17503
14671 10182
13566 -11948
17332 -10740
-14627 -9142
-12634 -17586
-14069 15517
9097 -11835
-10682 13612
-9915 -8985
14598 -18398
-14899 -15724
6667 13141
17739 -16927
-13174 9759
-13350 -13319
-12065 -16819
-13018 8545
-14323 15736
-9631 13524
-12697 13752
-11603 14269
-16877 16578
-12899 13506
20629 -8545
-9354 15035
-12410 17071
12372 15086
-21995 16421
18378 -17906
-13495 -15051
-19825 12971
12504 18881
15734 -14264
14393 12154
-15198 13419
12903 11307
15353 11711
8552 -14228
-20027 18169
14600 -16586
15784 17677
9391 -8715
16454 -12300
11473 -12085
-10944 14651
-11085 12825
-14177 20625
13587 -12098
20667 10596
-18212 9882
13072 -16476
-17345 11077
16505 -17662
-15223 11704
-13379 13705
13666 12921
16763 18151
-18112 -15478
-12145 -14450
12139 8387
17501 13395
-8290 14386
15512 -14293
-12746 -11023
-14358 12204
17437 -11789
13392 13671
13436 -16606
16270 -13816
14389 13559
12726 -15308
12595 -15556
-13881 -12655
16559 14449
16848 21667
-16783 -16954
-13520 12072
-17229 10425
-14833 15942
15744 -18106
-15886 -11946
-15584 11712
-13535 -11425
-15645 14199
17845 -13954
12536 -17716
17742 16116
13633 15737
-12581 -15864
-18382 9359
-13094 -11475
-10117 9835
14093 14364
-12204 -11390
-12562 17240
14850 -14064
11006 20052
13800 12263
-14946 13915
17953 17485
10615 -18390
-12706 15353
16873 18592
13903 10555
12708 -20921
10318 -18404
-10707 15934
-11061 -18158
-11299 -15112
-15497 -12534
20197 -18428
-14625 -12452
17146 -15185
13801 -18095
17482 15877
-16601 -16079
14635 -14515
14537 12089
15341 15220
14180 -14931
16680 15538
-12902 13889
-16991 -15387
-16275 16472
14423 12569
-14024 14792
-11398 7674
-15783 14863
14265 11795
-13867 -11185
12259 15152
-20215 -13844
-13777 11103
-18224 11083
-13170 18177
-14667 -13692
-13670 -12799
-16752 11110
-12344 -17272
-15205 11924
-17076 19360
-8706 -10406
14534 -10933
12335 9052
-15436 11262
-10656 -14419
17320 17101
15781 18663
-12127 -16144
16317 -13749
-19763 -14378
-14628 11399
16707 -15491
15368 8588
12826 -13661
-16721 -11454
11942 -15816
-12387 13752
-12893 -13118
18239 16192
15589 -13728
-15739 -13840
19846 12451
-10131 -14307
14614 15282
18044 18907
-16266 16568
-16421 -15243
-9465 10322
16598 9398
12925 -15088
12424 13190
-17015 14100
-14947 -19208
-17275 -17060
-14587 -15510
-12964 -13578
11018 15335
12446 15840
-18981 15768
-14982 13808
14035 16919
-14721 13769
-14151 -12371
13780 15073
14170 -15869
11109 -9925
-8364 10638
11557 -16034
-19974 -16304
19180 -12613
14720 -9676
-13458 14937
-14229 5572
20185 -17851
10960 12428
-19541 15987
16987 14421
-13002 13331
-13944 -13846
14253 17241
15445 -15408
12841 14148
14079 12398
9638 -12600
-14592 11803
17311 14951
11936 -14223
12780 -13855
-14030 16827
-15155 -9904
-9060 -13241
15172 15984
-14150 16889
20285 10170
11788 16704
-15378 12492
16430 16526
12225 -16618
-12507 -9761
-16855 14521
-18398 18863
15717 19020
14689 14425
-16437 -10824
-15427 -14028
13696 -14061
18250 -12403
12949 11173
-16548 16428
20569 -13235
15274 -14070
-16117 -13744
15841 19325
11015 -13644
14505 -13067
-13730 14137
-14461 11244
13193 14665
11933 10562
-14899 -14056
-13972 16981
13426 15187
-15956 9368
-14776 -11174
9971 17099
-12760 11717
-15396 17053
15716 -17005
15653 -12698
11665 -12770
-13648 13720
-20548 10836
17581 10312
-17307 -12585
13459 13300
-12000 14172
14396 -12839
15581 -15096
12802 -8219
13938 15835
-13425 14525
-8719 9144
-10873 -14401
-16617 -12178
14072 16920
-14193 -10976
-15468 10726
14878 14056
14033 -15785
-12733 -16933
12579 12350
10262 -11017
-14516 10986
-14719 14026
14407 -8760
18527 -7745
16654 -8169
-16679 -8387
16605 19057
-17908 -8474
12097 10371
15611 -16069
12571 15035
-13059 10646
11969 17631
-14501 -15171
-15668 -11281
-11536 -17665
-15934 15319
8080 -22765
11405 16564
-18224 10701
11832 15957
13174 10928
-11991 -14045
-11686 17481
-12729 13119
17268 11302
18580 -15301
-16828 13800
-15023 15091
-14633 -13497
10432 -11275
16936 -15788
13811 15392
-14625 -16496
16176 -13923
-11957 13694
17413 -11418
8029 15923
17524 -11996
-15205 17081
-11445 17641
-12050 21769
16728 -17196
10981 -15795
-14890 14894
14755 -13663
11215 12968
13530 16828
18591 -18042
-15554 10961
14898 13431
-13326 20039
-14362 -9837
-10850 12681
-14473 12346
-13817 12703
-15397 8354
-13710 14018
14033 18578
14238 -17394
-13720 20367
-11841 13016
8055 -12204
18675 13269
-17075 19609
12652 18411
13740 -13858
-14561 -18733
10105 14554
-15575 12183
9362 11444
19677 -13048
-17263 -12298
13512 -10336
-17357 12883
18794 -17427
-16320 -13289
-12308 16881
-14518 -14305
20804 -13664
9592 15667
15669 -9584
-16280 11864
-13329 -17121
16362 12571
-15918 19980
-17071 -20184
-13612 -19493
16413 17876
14329 17603
-16582 -13407
13088 -15971
-23664 -12980
11257 14346
12618 -17436
9958 17990
17118 13751
23839 15476
-16966 -11962
15743 17750
-17043 -12033
15058 11927
13565 7846
-15460 8307
12121 11891
14483 -15364
-18266 -16753
14963 22597
-18245 15968
16554 -13814
-12783 -15508
-17158 11364
17779 -11600
9037 -14785
-18133 16325
-16654 17562
13100 12584
12490 -13464
10434 -9650
-10127 -11308
-16452 9569
10031 -18652
-9921 13028
-15103 17622
-9970 13560
-14986 -17320
17741 -13215
-15590 14128
-15056 14673
16896 -10449
-17703 -11722
-13462 -14504
-10685 -23156
9515 -16417
16672 -22538
-18738 13815
-10359 -11195
14049 -12264
-15285 -13492
10794 -15530
-12259 -14680
-11738 12915
13213 -15968
-17238 10040
15302 -14530
9986 -18031
19020 10995
15676 15199
-17169 11397
12253 -13480
14093 8845
-14140 13299
-8014 -11744
-15031 -12116
14937 -13716
13065 14392
16181 12646
15984 11242
7680 9850
18965 15681
-8342 -10720
-16502 13468
-11484 -14670
-18640 14360
7917 15817
11111 -14693
-9727 -16762
-14388 16936
16576 15763
-13171 13276
20213 -20131
-14222 14597
11442 15474
12630 15544
14105 -15287
-19655 -17659
12810 -17910
14773 14141
-15357 15024
8799 -12913
-17680 -14945
13879 -12422
-15871 16726
-11016 -9111
-13779 14736
15322 10777
9154 -8206
14280 12618
-12405 -19155
-8875 13386
15614 18002
-17688 -12234
12856 -13660
-8789 -11923
17278 -19381
-12988 15997
13103 -14360
-13746 12462
15423 -9462
-14491 -14709
-10661 15555
-19847 -10361
14895 -15829
16338 -12514
-11367 14730
20225 -12694
-14893 -16569
17940 -21194
15570 10686
-17174 10272
-19565 -10736
-13014 -15306
-12736 14933
11241 -17724
-9573 14255
14983 18923
13269 -17008
-11219 15520
-13562 14653
-16357 11816
-12113 14687
14108 -11380
13418 -13068
-19325 11721
-13065 -7711
-11934 -9336
-17743 11533
-12360 -11843
-11179 -15126
-14137 18796
-16316 16178
15797 13826
11594 -16387
13903 14190
-14505 -13131
-16768 13676
-14920 -13951
14764 -14412
-17289 -14186
-16958 10891
-15085 -12620
16894 -12458
14730 -14386
19427 16711
13401 13934
-20652 16245
-14059 12398
9761 12192
-18571 14099
-10035 -11649
-16207 -17260
-14756 -8717
-14553 -16685
-12620 15290
18489 14715
11563 16126
-11789 -19637
-9181 -9566
-16324 -13242
-11767 13543
16332 9283
17175 -14981
-14799 -9604
14102 -18197
-13036 -13567
15588 -13951
15108 13829
16201 11074
-15602 12183
15742 -16441
-17366 14554
-10482 15980
12717 12932
8398 -17593
15918 -12891
-13976 -16171
-10122 13977
-15090 13082
-12878 -16321
15652 13425
13655 -16273
-9777 19828
17259 13741
12742 -17392
9486 13095
13587 16458
-13071 11206
-14703 12308
16627 -14145
17655 -14978
-10922 14592
-15115 -11699
-18725 -15226
-14132 -15713
-16856 -16827
12915 16539
-11693 11330
-14920 -19067
14777 -11980
-14638 -12667
-11217 13165
-16419 -19518
-13858 19916
-14763 10922
12790 -16159
-13747 15369
-16709 12276
15577 -16028
-17903 13059
17954 15329
15473 -7908
-16621 -14787
-12421 -17212
12815 -14923
-17740 -14889
-10966 -11874
13321 19282
15793 -13814
8921 10982
-15732 -15873
-16174 13929
10183 -20954
-17928 17516
14062 -12145
-14004 15638
-9465 8799
16534 17744
16182 -14152
-13024 13934
11099 14305
17026 15979
-14036 -10483
-9496 -18067
18147 17626
9348 10871
15183 -14335
13326 -18077
-15125 -18974
-15461 10745
-11238 -12263
-12797 16731
13744 14461
-15382 -18575
17981 -18233
15623 17419
-17567 -19026
-11171 -18361
18121 17872
11074 15282
13950 -15282
18255 9110
9756 -15231
-14373 -11871
-10930 11502
13916 -16693
-16245 11992
15757 -16287
-16797 -12493
-14755 16644
14639 11189
-18508 -17817
14521 11900
11644 8805
-15762 11805
13426 16769
17224 17600
8118 12708
-16987 -13805
-12192 -15670
16445 -15216
-13322 13131
14701 -12228
-13637 13707
-14351 10907
10383 10201
14173 -14879
9953 19319
-17121 12757
-13381 -19552
-10689 12011
-7417 -14207
15974 -13778
-12358 -15386
-10431 -13277
19715 -15456
-11634 16611
15401 13895
-13478 9444
-13862 -16064
10097 12394
-10198 14288
-18334 14586
16352 13697
-14589 12329
-13238 -12424
-13308 -13986
13234 -12517
-12099 16777
-12032 18440
-13040 19183
-17663 10173
-8083 -17476
16333 16483
16789 12584
-11646 -14730
16251 -12026
9903 13227
-15363 -10529
-10841 -11167
-11603 -11337
-15666 12851
13096 12636
20431 15333
-14875 12601
10297 19004
17646 14589
12744 12856
-10785 -13449
11870 -11393
-18334 -18630
-13696 15017
-18368 -11773
-15936 11300
18712 18095
16471 15745
13651 14977
-19485 -21933
-12276 12412
12880 14874
13372 13785
-16729 -15430
21502 14404
12408 17499
-15471 16001
16984 13541
10960 -15120
18291 12002
-16273 -16057
-11432 15703
17701 -11523
-16377 -18037
-14486 -20298
-5971 13824
10615 14275
-8758 -16011
-16962 -12356
-17391 -17990
10487 20693
-17269 20144
-15186 14816
-12809 -20966
21035 13668
-16462 -15104
14863 12235
-13521 15809
-18230 -14774
-17619 -13747
16761 18154
19056 14417
19564 11827
18064 -10942
15702 14808
-9368 15606
11955 -10108
11778 10366
11253 -17751
16330 11828
-10432 14598
-16708 -11195
12308 -12657
-12509 14482
-15326 -9181
8895 18549
14805 -19991
11799 -19031
-13763 -11220
-14489 -15992
-11439 -21903
16100 16223
-9554 -18948
15399 -13920
19152 11964
15123 -13178
-14479 17321
20372 12669
11784 15530
-14237 17673
-11949 16039
-16258 -11335
-17606 -18723
-16009 -11145
18281 -13499
10169 -11892
-18245 14739
-8831 13710
18556 15835
15803 -15325
-15870 17385
-11736 -21907
12344 -10732
11447 12576
-9759 -17398
-14294 8614
12798 -14246
-12486 -15235
-13523 14806
-14607 13093
10836 -19289
-11794 -13022
10910 -8835
-13052 15820
-13637 9642
-17846 14642
-14568 -18335
17072 16889
-19619 14424
13439 15688
15134 -13042
-18370 15371
13406 11066
19193 -10651
-12699 16801
18412 15858
-16718 15311
-13932 15573
-15127 13266
-16906 12763
17080 15655
-9640 17609
-11182 -17859
15276 14976
13853 -14220
20357 -17706
-11524 12154
15073 12880
13689 12785
13643 -14560
-17786 -14086
18608 -10694
-19478 -14212
-11835 -13025
13700 16991
-19486 -16389
-12368 15621
13402 -9659
18633 16082
-19687 15678
16838 -13390
21256 17274
-15371 13286
14232 -14688
-13873 -16818
11238 -12232
12042 -15139
13201 -14264
-11927 -15399
-12654 12796
-15077 -16468
13882 -11104
15629 -14790
-18060 -14573
12658 -8250
-17117 -13732
19586 10505
-15247 19694
-15557 -11806
-6491 -16003
-12582 -14737
-17932 11993
16163 15416
12781 17120
12931 16681
-19275 -13767
-17908 -14170
12193 18634
-17764 -12851
17628 -17731
-11084 -21026
-7579 18517
-13573 -9182
13406 18831
-11173 20913
-17487 -16330
14365 -17665
-10719 -19132
-16021 17508
16035 -13876
14787 -17106
-16733 -4852
-10817 -10325
11843 -19175
17674 14337
-15884 -15519
-14777 -14101
-13633 11307
-15812 -17979
13972 16192
-13284 17335
-14531 11379
15485 -12108
13092 7765
10824 18289
12849 14910
-15115 -14666
20497 -17005
-16183 -15350
17405 -10269
12643 -14837
11637 17673
-9597 -17760
17199 -12115
-10757 -10247
11372 21566
-16292 -15583
-14376 11613
18042 -9182
-16362 -12281
-10838 -20666
-15410 10369
-11832 14115
-13800 -14169
14943 15284
20424 18191
-17952 12469
-10239 14245
-11196 -17109
-15390 -13796
-12739 -15032
15449 -19815
14315 13494
-15062 20092
-19113 12480
-13152 20195
-15566 -19167
-12066 -16875
13614 -16886
8342 15893
11262 -11904
16105 16192
17158 -19123
-16421 11688
-13354 -7773
12015 17417
-11454 13696
-17499 -14137
-13940 -11300
-20031 -13274
16143 20689
-12664 -10901
-16948 14938
-13199 14427
-9952 -18952
20116 10833
-11791 -13315
-16814 17925
18093 12391
18008 16408
13365 -14721
-14447 13713
-9870 -15827
8772 -15779
14358 11460
-14325 15462
8129 14677
12605 14319
11353 15584
18068 -14847
-20334 -14363
13556 14804
-13602 -14446
-19535 18669
-17579 -14767
13467 -15769
14911 11152
14378 -17402
-13200 17967
-13219 -14397
-12912 -16072
13644 -14593
14855 13710
-13882 13504
-12531 -16316
18344 11261
16488 18756
-13331 -13123
-13966 16844
13477 16991
-15270 10843
-10266 16315
-11321 -14411
18414 14663
-19440 -16231
18337 12188
-16717 13716
-19799 -20016
9859 9892
9245 12048
14028 -15679
-13831 11741
10374 12904
-14161 11741
15919 -13659
-14169 15357
18469 12531
-14484 19855
13760 11441
-15313 -15694
12674 13899
-15725 -13684
-10984 -16775
-20644 -16388
-9381 -15813
-15312 13658
14342 15195
-17387 14114
-13114 -13311
12488 -17082
10315 15913
13275 -14804
17684 -13681
15229 13604
17146 -13962
-16878 -13918
15787 19072
-19116 -14284
-16624 -16366
-14727 -13967
14631 -20194
16718 15205
-14734 -12117
15893 -13175
-6943 12288
16305 13723
-11039 13307
-15514 16608
13558 18693
-13577 -12577
18931 13799
12176 -15223
15044 -12800
9972 19072
15683 14326
12525 14203
-14840 8947
-11081 16769
17011 -21523
12212 -15352
-8693 8513
-15296 -12297
11829 -16620
15995 16813
16344 9535
-13722 5598
16670 -15434
16248 14011
-12942 -13789
-14792 -12593
-17095 -15599
-12361 13345
-15762 -15045
-15463 11624
14686 -14633
-15702 -21883
18933 21184
-10407 12663
-11280 10736
16712 -13679
-14610 -12231
-18638 13656
18190 11971
-13291 12757
-18640 15387
-16421 -23407
15672 -20800
-14607 14010
-16099 -12967
-10262 13956
19273 -12694
13266 -16258
-11499 -12725
-16065 -15625
17139 -16216
11780 14837
-15562 -16661
16688 15156
12179 -12945
14160 -15252
-15353 -12899
13070 -21068
-18157 -6579
-15305 -13418
17231 -16825
-14047 17569
-16681 16215
-13720 13800
8932 -13899
-17661 -18543
16265 17731
11679 -18257
11325 9360
-13097 13363
18979 -17181
15620 -7020
-18391 -14814
-15129 -10683
12923 16769
-16052 -13286
17778 -18266
-12508 -11897
13515 13419
-8916 -10036
13285 11946
-11106 -14404
15459 16951
14084 -19183
15296 -13458
14755 13670
14017 19410
-17571 -18249
15205 -12172
14680 13554
11325 13378
-11931 6190
17975 -17619
11779 13695
12989 -12508
13263 -15231
15230 17752
-13712 10551
14122 -11907
-12708 -15089
-12459 -9313
18828 -11630
13363 17322
14276 -13904
-18438 8427
-14967 -12144
-12872 -11489
18482 13624
-14150 13820
-16182 -15294
14152 18373
10607 -11720
12691 -20075
18038 16048
-12219 -9731
-13840 -9611
-20502 -17096
-10435 -19417
15004 -12749
-13209 13107
-12987 16878
17505 -12847
7955 -9409
17561 14182
15579 -15304
-17523 14128
18367 -15572
-12682 11195
15817 -18234
-20605 -14751
-15372 -14740
17100 -9744
19154 -15536
16677 -12431
-17036 11616
18454 -15124
-15060 -15493
-13623 -10304
14084 16389
-9498 16629
9834 11211
-14725 12052
-16557 21106
-16165 10591
-9614 -18645
15719 -15592
-15403 -12704
-11839 -10788
-13416 -10651
-16054 15435
12477 -16800
-12892 12796
16738 19884
-17189 14570
-11398 -11939
16721 -13875
-20715 -14744
-13632 16194
12613 -19179
-17344 17518
-14915 14572
-16647 -12116
20932 17045
16944 13321
-12010 15417
-14127 12612
12488 -17540
11933 17750
13990 12906
-12849 -14531
13635 14985
17836 -18218
-10621 -12176
-12171 10162
14928 12792
-12400 17538
-17629 -9355
16867 14943
20048 -10536
-15519 21860
14163 -6959
17255 -14756
-16780 16174
17269 13847
18134 -10531
-12372 -8605
17121 -20490
14840 14952
15101 11294
11564 15014
-14556 14215
-17236 -13927
15144 13810
16986 -13705
12828 -13679
15714 10975
-23033 -10113
12465 -11680
-9720 -15900
-11538 -15161
10568 10748
-12646 11694
9973 -16079
