0 0 0
0 0 0
0 0 0
0 0 0
-2867 0 1
11504 -448 1
25769 1357 1
22372 5371 1
21256 8804 1
19617 12021 1
17495 14942 1
14942 17495 1
12021 19617 1
8804 21256 1
5371 22372 1
1805 22937 1
-1805 22937 1
-5371 22372 1
-8805 21256 1
-12021 19617 1
-14942 17495 1
-17495 14942 1
-19618 12021 1
-21257 8804 1
-22372 5371 1
-22937 1805 1
-22937 -1805 1
-22372 -5371 1
-21257 -8805 1
-19618 -12021 1
-17495 -14942 1
-14942 -17495 1
-12021 -19618 1
-8805 -21257 1
-5371 -22372 1
-1805 -22937 1
1805 -22937 1
5371 -22372 1
8804 -21257 1
12021 -19618 1
14942 -17495 1
17495 -14942 1
19617 -12021 1
21256 -8805 1
22372 -5371 1
22937 -1805 1
22937 1805 1
22372 5371 1
21256 8804 1
19617 12021 1
17495 14942 1
14942 17495 1
12021 19617 1
8804 21256 1
5371 22372 1
1805 22937 1
-1805 22937 1
-5371 22372 1
-8805 21256 1
-12021 19617 1
-14942 17495 1
-17495 14942 1
-19618 12021 1
-21257 8804 1
-22372 5371 1
-22937 1805 1
-22937 -1805 1
-22372 -5371 1
-21257 -8805 1
-19618 -12021 1
-17495 -14942 1
-14942 -17495 1
-12021 -19618 1
-8805 -21257 1
-5371 -22372 1
-1805 -22937 1
1805 -22937 1
5371 -22372 1
8804 -21257 1
12021 -19618 1
14942 -17495 1
17495 -14942 1
19617 -12021 1
21256 -8805 1
22372 -5371 1
22937 -1805 1
22937 1805 1
22372 5371 1
21256 8804 1
19617 12021 1
17495 14942 1
14942 17495 1
12021 19617 1
8804 21256 1
5371 22372 1
1805 22937 1
-1805 22937 1
-5371 22372 1
-8805 21256 1
-12021 19617 1
-14942 17495 1
-17495 14942 1
-19618 12021 1
-21257 8804 1
-22372 5371 1
-22937 1805 1
-22937 -1805 1
-22372 -5371 1
-21257 -8805 1
-19618 -12021 1
-17495 -14942 1
-14942 -17495 1
-12021 -19618 1
-8805 -21257 1
-5371 -22372 1
-1805 -22937 1
1805 -22937 1
5371 -22372 1
8804 -21257 1
12021 -19618 1
14942 -17495 1
17495 -14942 1
19617 -12021 1
21256 -8805 1
22372 -5371 1
22937 -1805 1
22937 1805 1
22372 5371 1
21256 8804 1
19617 12021 1
17495 14942 1
14942 17495 1
12021 19617 1
8804 21256 1
5371 22372 1
1805 22937 1
-1805 22937 1
-5371 22372 1
-8805 21256 1
-12021 19617 1
-14942 17495 1
-17495 14942 1
-19618 12021 1
-21257 8804 1
-22372 5371 1
-22937 1805 1
-22937 -1805 1
-22372 -5371 1
-21257 -8805 1
-19618 -12021 1
-17495 -14942 1
-14942 -17495 1
-12021 -19618 1
-8805 -21257 1
-5371 -22372 1
-1805 -22937 1
1805 -22937 1
5371 -22372 1
8804 -21257 1
12021 -19618 1
14942 -17495 1
17495 -14942 1
19617 -12021 1
21256 -8805 1
22372 -5371 1
22937 -1805 1
22937 1805 1
22372 5371 1
21256 8804 1
19617 12021 1
17495 14942 1
14942 17495 1
12021 19617 1
8804 21256 1
5371 22372 1
1805 22937 1
-1805 22937 1
-5371 22372 1
-8805 21256 1
-12021 19617 1
-14942 17495 1
-17495 14942 1
-19618 12021 1
-21257 8804 1
-22372 5371 1
-22937 1805 1
-22937 -1805 1
-22372 -5371 1
-21257 -8805 1
-19618 -12021 1
-17495 -14942 1
-14942 -17495 1
-12021 -19618 1
-8805 -21257 1
-5371 -22372 1
-1805 -22937 1
1805 -22937 1
5371 -22372 1
8804 -21257 1
12021 -19618 1
14942 -17495 1
17495 -14942 1
19617 -12021 1
21256 -8805 1
21256 -8805 0
21256 -8805 0
21256 -8805 0
21256 -8805 0
21256 -8805 0
21256 -8805 0
