0 0
13663 -3999
15701 15421
8879 -19208
-6229 -10582
9391 3981
-10941 12311
12407 -13936
-24465 -17284
-6559 -4887
11118 10781
-19457 -17307
-18523 -5950
-14448 -11599
-6851 -11575
14408 -17058
-11608 -6691
5826 7029
-11722 -19084
16001 -19800
9195 -11325
-11049 -8906
12958 18731
-8580 7630
8804 -22247
-13083 -14929
16143 17448
13341 8125
10423 13540
-19130 8685
-15792 11720
-13211 15849
6854 -11162
-14127 14408
15327 12118
-17644 -21996
-7522 -11838
10533 5249
-13508 -16493
16081 17469
-17957 13497
-12724 14452
-12336 13694
-16355 11386
-14115 8983
-14013 -14103
13621 19888
-13750 12687
-13041 -14430
18901 19623
13902 14771
15709 16947
-20345 8251
-10447 -19253
16653 -13882
11071 21505
17255 17860
13447 21827
-16910 15102
-11414 -8562
17251 14878
13109 10167
-9040 -15873
-10596 -10288
10411 12805
-12917 -16206
23930 18629
-13798 15181
19948 8680
6561 -12610
-13376 15748
-13481 9517
-13770 14023
-14852 12943
-13446 -16153
-17796 -15322
-14680 -16307
-11482 -19054
20152 17378
13145 7279
-13885 13495
-13418 15491
-11145 11732
16624 11506
-9077 17755
13572 19208
-19072 10295
-12245 -15466
14501 16273
-19458 -15855
-14424 16732
-11576 11000
13527 16857
10148 14319
-15951 -16847
14556 17372
-9505 16410
7348 17643
-13303 13121
-14152 7349
-15632 -10220
17019 10977
11215 -16544
13357 17817
13512 18425
-7940 12704
16058 -15307
-15601 10344
-13801 -11021
-12297 15319
18536 -17092
13242 13771
-14155 19448
-14329 15558
-10222 14775
18642 -15600
17398 -17397
-14247 -15226
-12614 11961
-13240 14281
16791 -10122
-11448 15801
16754 17966
13529 -15140
-10813 -17749
-14942 14964
14825 -16544
10451 -15410
-16404 -11635
19444 -16052
14983 -15897
8977 -18643
12637 -9674
-16475 14798
13728 15033
-12598 13607
9912 -16926
15219 8994
-14313 -22389
-7475 17864
16716 -14864
-11373 19936
14129 -13818
15526 12267
-18360 11593
-11511 -22158
-15120 -8183
15587 -14400
14241 -16715
-13897 -12129
13806 -13248
-9463 18064
-21914 17147
19348 -18265
-15135 -15442
12985 16535
-14842 12156
18526 -15769
-9509 -18359
-12150 -14651
13440 14718
-14526 11877
-10452 13912
15051 12474
10437 16134
-15490 -16499
-13947 16646
19794 8865
13974 -17017
17344 16866
-15151 14547
-12684 -19655
14240 -14579
13570 13684
-14438 15832
-12370 -15581
12608 9746
15825 -13826
-17468 16669
-14454 -14873
16896 -15890
14565 -15230
11176 16330
-10296 -13310
15077 -14126
10419 -13392
-12978 17992
-12243 12235
17431 10948
-14745 -14615
-13135 -14499
16642 -18343
9244 -8225
15112 14190
10026 -14607
-16830 -15619
-11826 -14383
15951 -18912
16662 14322
17492 -17941
13004 -11653
16700 -17582
-21169 -19656
-14197 -16086
14357 -12765
10309 -15840
6439 -14533
-13734 18806
16661 15321
12700 -14831
-22637 14314
15206 14848
-14798 18175
-14173 -14881
-15948 18604
14859 17402
-15766 17182
20873 -13547
11205 -14869
-17524 -13418
10175 -11142
-18184 15040
14553 13503
16620 13966
-19424 7614
-12844 12146
-13561 13047
14270 -14334
-15215 -14621
-10790 -16093
19219 -6942
-15027 16222
8014 -16918
-10640 -12892
15618 -12779
-17732 15609
-14609 15944
13698 13848
-13782 -17447
-10551 -13271
15941 -13762
-18360 15400
-14795 14754
13822 -12808
13994 -12596
-20060 -14116
13798 -17083
-16074 -15322
16922 -13869
-16625 15806
13869 -14756
12128 -16078
-8135 17073
14229 14705
7755 -14435
14262 -12046
-12809 -13259
-6753 14208
18060 -13151
12323 15920
15635 10463
-17180 -8087
17674 15756
-18079 14420
18302 -17560
15593 -19406
-15346 -16566
17556 13626
-19593 13117
-13986 16563
-8016 13012
-19206 16500
-17036 -15321
19899 16736
14491 15813
14086 -11772
-15582 9959
-11939 15590
19430 14071
15034 15179
18157 -13971
-17360 -17380
-15565 12746
19258 12312
-13758 -19735
-14985 -11298
-13464 17176
13789 13335
-10908 11851
10174 -14426
15628 -10285
13520 15948
-14780 -21035
-16753 -12627
13002 -14871
-14328 16411
-2448 11327
-15761 -15144
-14186 14191
16315 10953
-15150 -14927
12940 -12101
15047 -10397
-16577 -10232
-9025 11984
-17523 10642
10965 15469
-16988 -13286
9696 17242
-15340 -9062
-20827 12330
-15133 -11128
12578 19009
-14830 -14371
12600 16164
11419 -16472
-16532 -11250
14667 15287
-10058 -9049
17256 18389
-10861 -15514
17211 21091
-15340 11222
-16126 19384
18606 11142
-14051 -14867
-10910 -17788
-10654 -14433
20419 22521
17361 16808
12428 13575
13235 16169
9908 -14429
-17258 -13101
-15192 -15138
-17943 15156
-16996 10430
16527 -19093
12668 -16732
9226 -7101
-15907 13254
24677 11258
8185 -13554
-13856 -18505
12357 -15995
-16043 17718
10862 13947
-14679 -11534
14633 -17483
13649 -12219
14082 19796
13731 12015
-18349 17854
-15261 -17752
-16469 -14653
-14460 -8690
-15445 13858
-15500 -19013
-13549 17722
-14594 -14839
-11942 -16160
13730 -14283
15475 -10467
16651 -11539
-14504 -15149
-12481 -4059
11833 16177
16604 12627
11005 14626
-14930 14781
-15619 14276
-13757 -17028
13663 -14274
-17768 -19162
-12426 -14169
16302 8812
-18134 -13372
-10459 19610
-11163 10733
-11225 -13456
10301 14541
12913 12121
-15001 -11992
-13076 6040
14770 -15641
9637 14617
14806 11792
7207 -16970
-17359 15656
-14460 13442
12442 -16684
-16966 -10086
-9205 20348
-14809 -16416
-12225 -3949
16548 14133
-13136 -18975
10856 19184
-11108 15614
11625 10604
-15769 -14352
10850 15212
-12520 13735
11960 18967
-10581 -24957
14884 -11429
16065 -10896
-10103 -10420
-13559 14855
-10936 25485
-13989 12260
15353 -12228
-15822 16107
-13968 12593
-7027 -15786
14556 18590
-16643 8376
15250 -17839
17986 18889
16258 10160
-19410 15335
-14087 16574
-6724 -17740
17329 -8768
3649 11778
-20427 -14766
-13771 23365
-11328 15011
10364 -16452
-13486 18008
-16773 -11703
-12198 18701
17613 8952
-15015 21618
-12130 15487
16070 -16772
-15169 -17583
-15207 -15671
11729 -15573
-17188 10885
-14311 12598
18484 11982
8874 -19198
-11283 16237
18293 9719
-17945 -14521
-8700 -10192
16931 20387
14836 15065
8356 16828
-14143 14697
17858 5796
-18702 -15520
-12124 10910
17081 -14516
8349 14011
13875 -18078
-17958 11062
-12255 -17859
-11686 -12768
10919 13435
11434 -11228
15893 10843
15938 -13248
-13640 -20741
-10100 -10434
-13304 -16190
-14341 -14130
13124 -13042
14143 13400
6678 16050
-15924 -15072
-16273 -10611
-14557 -8689
-13586 21864
14685 9314
-14293 -15356
-16083 -12986
-10378 14086
-13810 -12118
14962 20620
18444 7399
9985 -17783
14682 -16597
8254 -8814
-17020 10684
20095 -17748
13817 16611
-12861 12057
15162 12298
-14860 9500
9303 -15979
-17788 20794
15683 14231
12365 -15106
-15788 -16611
-7926 -15625
19172 -13843
11506 -10918
-16521 -12851
-11602 7340
-18361 -13126
-16048 -17531
-14224 -12402
-7809 -14337
17532 -16212
-17507 -6030
-11473 15072
18905 -15076
9844 -14587
-17582 -9793
-11918 14447
14900 11716
12953 15258
15012 16270
13856 7812
-15142 -14445
14016 18273
-13640 10120
11713 14602
-14735 -20588
16113 -13773
11709 16915
14135 12406
11800 13076
-13524 -16151
11846 -16721
-14372 18402
8869 12334
-20248 14857
-19240 18383
-14491 -17119
-16714 -11833
-14087 11702
19732 -13489
15955 12518
13252 -13128
-20057 18028
-13805 14106
-14141 10417
-16503 -12635
16010 21960
-15291 15357
-10879 -16409
10332 -14017
9222 -17819
-15123 -12804
15437 12227
-13881 11780
18596 10042
13206 17659
13456 7957
12214 -13629
-13140 13243
15634 13388
-15818 14349
10887 12577
-14328 11385
14414 -18112
13055 15431
-13901 -14174
16745 15499
-15530 -23325
12133 -19431
-15967 -13495
15240 14710
-18701 -15598
14437 -14981
13034 -7343
15672 16866
16030 -11697
-16728 12235
-12552 -13178
-11323 15784
-20451 -13089
-15322 22506
9874 11040
-15492 -14390
20592 13213
16262 -14640
-17032 -12731
-13936 18554
-12808 -11485
-20089 16565
18480 -11224
13237 12415
-18914 9712
17451 12670
11799 11830
-13610 -14055
-11913 -12486
-14879 -11338
-17580 16971
15285 10694
12134 -11579
-12027 -13781
13889 18997
-13611 -19580
-10713 16230
-15235 18800
-12720 18075
17266 -15356
12641 -13902
-17062 12804
-10681 -16527
13163 -17205
14662 -10893
13781 19646
-17141 -13666
-15261 -7395
-17574 15616
-12049 15330
13991 -11869
-7641 -16032
15768 -14703
-11565 -12395
-17297 14320
-16848 -11838
16233 -15928
11470 -12050
12167 15451
12537 17446
13537 15296
12421 9627
14964 -18090
-12676 -13819
-12894 17325
13081 13751
-12050 -21108
12022 -12681
-12936 -13460
12490 14725
11503 13776
15240 -13697
15451 8517
8813 13473
-15641 14142
13782 -16368
14524 14251
-14340 -18251
13400 -17948
-20917 13866
14919 11309
18296 -15098
13410 -11089
14713 -11891
11829 -15520
12362 12578
8215 11284
-13480 -16734
-15965 -12727
14030 15762
14393 18134
14361 -19068
13567 -11570
-14741 -16910
-13901 -15503
-10465 19498
18579 15186
-10861 -16962
16496 11239
-19622 -12829
15417 14749
13412 12785
-16698 13490
-10214 12110
11849 9635
-14675 -13992
-13893 14899
-16654 23070
-18575 -17827
8318 -10280
11378 11063
-13740 -18516
12176 13928
-15118 19054
13477 -16790
-14048 15312
-12127 12988
18778 -16110
15280 15299
-13235 -17214
14759 -12116
-14402 -16568
16695 10563
11933 13263
-12912 11803
-9982 16001
18453 14698
16280 12423
-16491 17962
-19430 -17903
-8635 -13138
13552 -9518
17329 14613
-19207 13018
14916 17628
-14937 -12899
17080 14613
14689 -14679
14437 12746
10821 -17360
-16805 -9390
13161 15133
-13185 -20873
18268 -14520
12337 -16018
16560 -5932
9076 8734
-8863 -13216
16052 19449
-11798 15983
-14533 13526
15094 10867
14247 17791
-14376 11675
16891 16275
-20381 14991
-12321 -15117
14486 -15006
12928 -17837
14417 -13825
-15506 -10643
-14775 15352
-18427 -13712
-12414 -13258
22139 -10470
12425 15925
12976 9416
-13232 14368
-14873 11272
13303 -16770
-14152 16553
-13428 -15901
-16999 17068
15910 11328
-18738 -12309
-9635 -19193
21695 -11028
-19378 15451
-16670 11541
-12724 -16522
-12055 15815
-16857 -12836
13937 16046
15741 17639
-17908 15523
-11514 -19298
18589 -10209
13712 11860
14383 -16990
-15731 15959
-14824 -9847
-14134 14182
18013 13773
16998 19997
-17863 13643
-11526 10466
-15878 -8585
-19044 14557
-10141 -14977
15472 -14283
12705 -7010
-16432 17029
-9858 10089
15899 -11330
16245 10144
17281 -21099
16531 -14614
7767 17583
13277 13352
15350 15356
-17795 18764
-15096 13554
17789 14651
-16793 14630
-11292 13632
15360 -15133
6960 20981
-17709 12478
14400 -12129
5889 -13021
-15235 12387
12939 16590
-14571 16888
16291 -18079
-17253 -7672
18351 15480
9125 16712
17648 11222
12079 -11965
-14591 7978
15182 -7424
-17470 13235
-18084 -13012
-15395 -10589
-15823 -9799
13400 -15235
-18724 -12252
-10053 12796
18841 17787
-13227 13308
-14127 -9634
-15540 20443
-10604 5363
-12768 -12085
-20986 10979
-14214 -15513
9785 -5646
-12142 9271
11007 -15790
-14092 14910
9205 14047
-11077 14006
13568 12115
-12278 11311
14473 -12647
16252 -11164
11192 8792
20309 -10501
13847 16108
-14701 11894
-14203 15121
-12738 16690
-13283 12851
-10843 -16376
9664 -13612
-15152 23239
16827 8073
15551 -13682
13974 10711
-14359 -11270
-15102 17323
9617 12484
-13255 8954
16868 -16922
9495 -11351
-18042 20137
-18622 10801
-10363 -7396
15155 13385
12937 -10837
12008 16437
19459 -21996
11248 -9338
-16393 17588
16690 -11297
13838 17503
15053 6983
18758 -14166
17066 12772
13878 8518
-12631 -15778
-12306 20559
-15707 14290
-10538 9246
-10190 -20094
15183 -15788
19200 -16135
10618 15985
-13013 17566
15657 11277
-11715 -15972
12751 -17759
11531 -15366
-18347 -12055
-10016 17335
12562 7282
-14612 11063
14163 -16297
-12247 20164
17584 7755
16271 -13328
8468 20913
17982 9655
13916 -13518
13265 -8212
11487 -17843
-12902 -8851
-11165 17543
14940 -19337
13011 -16597
3561 -11730
-15620 -15946
23519 -15649
13037 -13177
-15912 -14587
19246 -13205
12040 10538
-16025 14700
-10586 -16415
-13290 -16908
-12266 -6658
-14183 22956
20705 14688
9554 12571
-13129 -12675
-13586 21018
-14893 16427
18710 10315
12160 -20819
-19028 -11565
-12022 12118
-8046 -22718
16000 -8559
16039 17487
11136 8673
-13127 -16369
17468 17743
-13578 16481
14127 14015
-16613 11675
-16792 -11904
-16600 -6594
14671 13958
12747 -16209
14562 -21917
7484 -6639
-15425 15645
22605 15150
-20282 9808
-7913 -13004
13175 -15800
-14941 -19526
20407 18904
18722 11496
7725 -11639
-11576 -13938
15977 -18288
-15857 16573
-12619 10496
13492 12332
14179 15118
8847 14496
-17878 12711
-10953 -15722
-8545 -16581
17962 -13098
9309 16431
-14716 16551
15904 11906
15441 16749
12257 13149
-12845 -18555
13258 -9120
-15623 8963
13515 -15131
-19508 10060
-9931 -16600
16755 -15079
-15558 -12958
-4135 18574
10395 14222
-13600 4863
15023 -11316
14208 12830
8183 14906
14113 12362
12567 -13551
-18898 16138
-16402 15453
17307 -19176
16935 -7880
-18546 15192
-18106 -18074
-12316 -16378
13921 -14192
-14144 -14648
-9294 -11587
14264 16850
-17259 9062
-10495 13587
16801 10100
-13735 -10269
-15047 17549
-11254 8121
18463 -14711
16678 16375
17110 10932
17718 12550
11046 -15756
-12659 -13550
18806 8912
-18300 11728
17476 -6497
-9478 11256
12318 -13497
-11727 16459
14092 -11437
-14403 20070
-19967 16386
-16045 12458
17663 12462
13137 -13222
9695 15184
-15599 8874
-11115 -11517
12601 16177
18506 -14544
10182 9324
-13723 -12754
14817 16397
-13759 -20641
-13275 16522
13586 7821
15848 -13512
11239 -12288
18986 13058
13796 13826
13451 -11867
7315 14718
-14761 -18249
18327 -10555
-19056 18391
-8933 18011
19745 15205
19607 8193
5892 11680
-13162 16437
16371 10157
-18743 -12882
-10345 12019
-16698 7850
-11897 -19747
11676 -14228
-10184 -12212
18633 -17934
-8744 -12964
17229 18458
-17244 14249
-11730 -10912
13371 13047
11456 -14466
16385 19560
16483 -18257
16418 -9142
-14222 10771
19331 15673
11775 13491
-17694 -16495
10834 -7523
17961 15053
11042 -19721
14625 -10343
-16567 15864
14901 -16839
-17740 11226
16156 12121
15140 -13444
-18675 -9064
-13898 -14328
13717 12925
-12411 15121
-10789 13111
16702 12959
-15154 13631
12030 11337
-12108 -18469
19451 19034
-16579 -10113
13804 16975
-16856 15397
17082 -14940
-19726 16656
12181 15123
-21004 -15504
-13770 -8653
-11726 18457
8142 -20000
-16297 14316
-13381 -13697
-12560 14284
13921 13074
-16822 -18771
15986 -13999
12702 -13288
-8184 -17008
8428 -13258
-18100 -11924
-13031 10003
20518 -20347
19123 -15862
-17447 15191
18739 15240
14969 15240
12635 15989
-12738 18019
13401 -11871
-17845 -14840
-10325 8244
11020 -12136
-15919 -14807
11764 -14683
15398 16134
-15487 -11791
15299 -11849
14533 12926
18532 -15112
-8374 11222
13188 16702
12792 16348
-14039 19606
21536 14128
-13692 -11619
-16929 13135
-16737 -16402
16807 15591
-10468 12044
10542 -15500
16227 -9454
8223 -10205
-15046 19278
20296 -17108
10844 -12004
-14557 13397
16064 -10415
13234 13831
-16509 -16891
-23079 15956
-12315 15386
-13955 -16456
13291 -14250
-11716 -16208
-11501 -12834
-19245 12749
-14497 15604
17302 -14035
9674 18330
-18354 -10885
-15299 10794
16789 -17961
14319 -14643
-14438 16168
18104 16418
9305 16491
-14049 -14490
17227 -17571
13316 22137
-11356 15381
11764 10876
-16270 -16341
16701 -15594
-15627 16023
-15522 12214
16359 -14783
-18649 14551
-17540 -18382
12580 14105
14485 -18986
18491 16774
11635 18059
11079 -16428
-18037 -13295
14584 15072
12215 15176
-16663 9379
19269 -20674
15233 -17679
7644 -14253
-16538 -8968
17223 -16311
-11566 18420
-11849 12855
13041 -17726
12349 -15168
-13844 14228
-19451 -15889
21200 17929
16492 -17550
12712 -16885
-13853 11412
16025 -10293
14870 -16019
14767 13319
-13847 12889
14184 -9125
15481 7449
16411 -19689
-16858 16260
-11440 -18097
14690 -9650
-16144 13127
-17313 -15425
-14879 19405
13753 -13001
10939 16447
-11349 -13550
16153 -13151
-13510 15047
-10695 9208
-12115 -16858
15600 18371
-12757 15658
-14026 -14866
-15355 -12988
-13499 15716
-7200 9353
-12706 22929
17253 8292
-13445 -17697
-14425 16697
17841 -12118
7407 -11454
-11997 -15082
15287 -15343
-9127 17757
13519 -21983
14923 -16077
7637 -11928
-18520 14273
-14358 -17778
12946 20567
7229 10814
12297 -16058
-15822 17246
14651 16188
10370 -19814
12598 13384
12499 12197
7035 18228
13501 13289
14099 9045
15462 14336
16221 -10709
11863 11937
19419 -13158
17794 15461
15967 12219
-9913 -15613
-8671 13327
11255 -17384
14920 -18369
-16868 -10870
-11664 15465
14374 11659
-19749 19754
17917 -12561
-15926 25820
14942 14542
-19248 -19338
-16114 -13973
12721 -9801
20345 17445
-14968 11336
-12696 -13725
23138 11868
9051 -12315
-12338 18819
21136 13453
14352 -9459
14069 11448
11615 -14372
-13436 15868
16171 -20565
-18564 -10787
-14014 9738
16224 19573
11953 12896
-13284 13520
-16863 9321
14158 -15899
-10624 14165
13846 14363
15909 15244
16706 9992
9777 -15954
-9518 -8337
16394 11996
-14660 -13141
-17073 18178
-12800 -15158
-10949 15077
-13588 11082
-12586 17414
-12350 13671
16935 -15293
-13941 20201
17835 14434
10892 7841
-13634 -20481
-9149 -6692
-8657 14570
13095 -18460
-17290 -16275
13015 12835
-15007 -13774
-9500 11578
10816 16846
15363 8741
11393 -19624
-9945 -6887
-12170 10815
-11199 -14976
17091 10739
16353 -15589
15135 -13491
16495 -13351
-12692 8888
20296 -13687
-12022 17793
9824 16184
-12173 11015
16325 -7875
11125 13523
-16147 -14731
21076 12918
11447 13742
-18901 -11953
19849 15521
10306 15434
-10966 13520
15438 -20042
-14375 -13518
-11297 11922
23791 -8902
12794 13758
-21576 12314
21475 -12835
5939 -10493
-17061 15469
11686 11185
-14957 15216
-12181 14516
-12364 -17002
11512 -9531
-12772 -19916
-14911 -14394
-18786 14171
-13568 -11489
-12682 -12958
14306 -15948
-14744 -20465
15298 -15052
18021 16029
6773 11561
-9800 -15019
14709 19578
16139 -18500
13409 -13512
15123 -9819
15551 11141
-15324 -12928
-12728 -9942
-7128 12894
14433 -10186
-13767 16331
13509 -15497
-18416 -10344
-13445 -16536
15609 -17367
12632 21957
-17046 14444
18822 11190
7780 -12984
-19202 11442
-15723 14744
-14462 17919
15776 -12208
7347 -9933
-12019 11472
-12324 -16297
-6783 9215
17044 16582
-14795 8430
-10806 -12929
11865 16352
17122 11708
12656 12334
-8357 10674
20198 16874
3655 10490
-14039 -11893
13018 13927
-12346 -20252
13101 -15789
-14311 -11517
-18441 19135
-10925 19078
16815 9814
12535 -14567
11608 12722
-16729 -14632
-13563 -10725
-14734 16991
-15211 12050
-13907 11324
-16620 11980
-13253 -11146
-10656 18388
8976 15991
-17623 15429
20489 -17820
9942 -16251
-12042 -9262
18063 15948
10417 -11558
-10734 12454
13460 -13474
14485 17216
12223 13078
11573 -15658
-11492 -11291
21339 13024
7379 14155
-10644 11991
9087 -15588
-13781 12449
12456 -16866
-19171 -12889
-13621 21665
-12055 8449
-17381 -16939
-6398 15265
13750 -19682
-10076 15400
14325 12186
-14435 -24301
18780 -8064
11347 15645
17655 -12829
13089 13137
-15043 16756
-15308 16166
18130 -16507
10077 15684
-17106 11726
-11800 -16484
10988 13226
-20833 -20339
-15540 -9111
-9106 17813
22029 16846
7659 8854
-17958 13512
-7722 -16409
14185 16966
15820 -13489
10404 14631
-11038 -17677
12496 16322
-15200 13211
18193 -15138
-14118 11948
-15172 13051
15394 12487
-15950 -16016
-16065 -17686
21010 -17640
19821 -15396
10997 17624
-13093 -15979
20001 -7446
13759 13995
-14606 10096
20530 -14789
14959 17215
-18790 17145
-15462 14043
-20788 -17839
-15808 18247
-10373 -16340
-9183 14126
14603 -17120
14015 17862
-14156 13585
14697 12828
16288 10417
11779 -9761
-9665 -12777
18932 -11959
13433 -18020
14963 -16338
10290 -17106
15149 -14804
-9444 -10950
17816 12184
11461 -10698
20253 14489
12997 11223
-7211 -17828
11757 -15141
-17813 12957
-19332 11321
-12797 -17576
20153 18168
3808 21645
-5500 9692
12117 -16870
-11327 12549
17043 -15340
-19378 -10349
-9456 -15627
11582 -12019
-13462 10931
-13202 -16626
12772 11673
-16441 -16890
-10644 19331
-16672 11379
17893 13615
-10982 11850
20066 9304
8068 11601
-14801 -23551
-12993 -12534
-13247 17808
9843 13781
12057 11808
-16319 -12193
-11083 15754
-16799 -18213
-17270 10746
-12699 13177
18041 15950
15391 -18495
-20617 -13459
-12667 -11519
14276 18063
-20494 13643
10329 -13283
6330 19015
-15328 12281
-14414 17967
9560 10732
-7122 14349
10609 -11754
-18176 22799
-11020 -13896
12835 -16550
7613 15127
-12493 15604
14210 12144
14025 12899
13119 -12598
14767 -14338
-10706 17439
-15098 -12103
-10924 10205
-15266 -14228
17066 -15938
9940 -9638
14697 -12432
-15578 16108
-12438 -13253
-8678 -13322
11204 15144
-15724 -12732
-14080 -17203
12425 17458
-13060 15499
20574 11508
-13314 -10757
11878 14111
14631 -18251
13127 -11891
15113 -11698
15312 -8817
20251 17762
-21723 13257
-14513 -17726
18206 15118
13038 -14279
13553 15859
10465 9427
-16541 -19879
-12262 8820
11374 -17684
-15589 -16008
-14824 17873
13411 9863
-15081 -12138
20581 15864
18358 -13777
20989 16280
10257 -23822
11903 -10250
13653 18933
18183 15805
-14110 15982
-14934 12757
-15804 8926
18203 -20060
-11151 -14417
15289 -11611
12423 -11801
-15470 -18047
16417 17582
-18824 -17237
-17907 -12490
-15601 11568
-15045 -9454
-14375 17040
-7502 12229
16796 -17755
-17712 9353
-7333 -17216
15221 16544
14604 -14938
14621 -13672
-11692 -12859
14267 14684
-18508 14538
-14536 -13059
-7584 15339
12184 -19163
-10026 -10355
15935 10137
11332 -15682
14931 17569
-15294 -15135
15210 -12061
-16079 19490
-16888 16125
-11420 13640
10896 11618
-14046 12036
-9325 -14023
13064 -9800
-12448 18647
-9868 -18771
13363 -10411
-14094 13863
13060 -21921
-14686 19860
-15006 15466
-16074 -17936
5016 -12530
-14177 16721
18720 13999
5138 -12392
-14069 15890
11120 -21190
-9107 -14735
17139 -12741
16634 20395
8790 11588
-12043 -13615
12616 16518
-10006 16575
15489 11832
17170 -10908
7680 8528
-12595 -16530
-16224 -15369
13925 -10695
13663 16600
12431 10713
-12186 8925
-12418 -16102
-10343 -11427
8859 -11787
-13616 -14875
-14093 13690
-15902 17097
15648 15410
11147 -18427
-22301 -16738
-10026 14716
19254 12507
15902 -16376
-12737 -14025
14664 -7807
16723 18236
11556 16035
11385 11502
16183 -14390
-11215 14096
15864 15304
-18494 -15547
16131 8745
-14512 -18074
-8662 -12662
-17630 -12550
-11214 -17140
21634 13246
11802 -16138
-16673 -13355
-14704 -10089
-13021 18424
13160 17825
18745 13556
-17175 11598
-12252 6285
18952 -13885
4489 13889
-13807 -15298
20502 -14339
13852 -8654
-13530 18818
13182 12015
12004 9690
-7283 -7151
11457 15564
-19952 15609
-12536 10625
12304 18618
-15788 11322
19776 -22207
15661 -10475
11642 20046
-15571 11845
21949 -9509
8992 9605
-16866 -13594
11726 17158
-21781 17131
-17725 11754
-16472 -19027
14419 20196
14087 9423
14621 15032
-17975 -22939
-14797 -12227
12495 12509
11834 17790
-17424 12390
16827 16387
14912 9204
13895 -15642
-15574 -11512
17081 -8858
-20596 -17784
-13847 -11844
-13499 -16659
-7595 -14454
19193 19596
9499 13268
-19582 13322
-11475 15493
13181 12222
12250 12798
-14925 17774
-10487 14188
13525 -13758
12222 -12835
12979 -14808
-19104 -10068
18859 7649
14338 11719
-7909 8603
12552 -18490
-14810 21369
15078 15190
-15843 21036
-13191 3902
-12833 -12657
-12656 16430
-12091 -15679
-16420 18253
-10894 -16616
-16415 -12834
-8190 21962
8253 20501
12994 13330
9905 -17528
-10123 -8716
15609 -13600
-14231 -12463
-9444 -16300
12578 11681
-13308 -16427
11639 17704
-6647 8396
10964 -13949
-8111 17082
10654 10159
14343 -9439
16443 13508
-12455 -14227
16122 -10696
15004 12425
13075 -15770
-15241 -7702
-11409 12495
-12852 -15710
-9408 24135
13348 12445
9509 9189
16174 -14447
17316 18076
16435 -16892
11736 13080
-14481 12671
13146 13435
-14057 8895
19427 -14934
13391 23065
-16942 8534
-7398 -14182
-22357 18773
-11834 -13038
9258 -13353
-12979 -8140
9210 20165
-10942 10424
19875 14449
-15892 8673
11275 -9913
13682 16736
16938 -16577
12179 -10500
15911 12142
-10012 -15034
17183 20427
-17360 -16652
-12715 21367
-19348 11033
14407 14286
-16316 -14912
-10242 -11191
18434 14083
11469 -19989
-12947 12929
9207 12735
-16165 -17714
15216 -14264
-15942 11859
-13998 12091
13934 14715
10469 15492
11076 -18402
-17609 -15518
-13295 -8536
19043 -14780
-20411 -13301
-14450 -12945
16262 -16749
13092 -12470
-15561 15785
-6722 12752
7639 -15717
-15562 -15966
19013 11512
-16896 -15040
-13966 -18569
-15312 12353
16155 10752
8489 -11791
-15757 11079
13613 -21077
-9864 13677
11447 -13256
-16951 -15993
13739 12856
17382 11451
9747 -12224
-15112 12400
18179 -13026
-16077 -10384
22264 -13841
10594 -13764
-11250 -16098
-9045 -8935
11865 -16898
9034 -16872
-18854 -12379
-16208 13452
-8318 -15379
-11534 12017
-17476 -12309
19107 16174
-16644 -18047
12233 15565
11331 11385
15406 -10036
-21015 8913
-18538 13336
-14122 -18901
17198 -15066
-16179 15629
15784 11152
-14810 -18472
12588 12081
13666 -16290
17359 -16766
14890 -20925
14443 -13186
11756 19431
-17432 14467
-13750 14449
-13815 13015
-11774 -15489
9197 12867
-18213 14038
-14867 11866
-14530 12728
14889 -17113
-12395 18918
18510 11850
15575 -14802
-17808 14104
-9271 15412
11882 -17289
16955 -16117
19276 16872
-12218 -16850
-14256 -12020
-15669 14891
-14106 -18003
-16860 12358
-13263 -16543
15673 -19708
-15698 13969
14807 16378
13200 -16403
11676 -17168
-13845 -12754
-20544 20048
-13666 10820
-8586 -15188
15454 17112
12499 -15389
11925 -17139
15756 -15891
-21527 -12593
-10871 -12255
13427 14840
-16117 18822
-15050 14006
-15271 14373
-14674 13017
10940 -13832
-11555 20007
16399 14308
-13270 -13381
22896 -13513
12004 -13119
-13787 -8131
14661 16812
-16252 9765
19700 11041
-11173 20671
-12020 -16019
20665 13009
17108 13549
-15355 -16912
11981 13029
14139 -19261
-15894 20376
-8497 14795
16833 -15344
-17405 -12323
10907 -14200
-18178 -19208
10370 16816
-15437 12753
14080 -13442
-15105 -7112
-15553 17441
-16039 -14859
13487 -16622
-10203 -15565
-11408 15198
-10326 15565
-9486 -16255
15335 -13479
9932 20990
11484 14286
15775 -14716
12584 -14895
16260 14837
15634 12252
10050 13706
12273 -14844
-13915 -10808
-12470 9863
-15730 16330
-11117 -20651
10124 -11598
11944 16786
14477 -17582
-14824 -15590
7576 17069
-18613 -14619
-12123 -12624
18507 9143
11348 -14502
5588 22916
-11361 12840
13388 13460
