0 0
-14235 6303
-10473 -14039
-9005 -8553
-15689 -16953
-19517 -18107
15603 11638
-17281 -14026
-13656 15793
-7412 11579
19755 20123
8621 11803
-13016 -18074
-13285 -8122
-14014 14557
-11104 -16042
19387 -14393
17375 -13576
9874 -11152
-18611 15487
15101 9358
13768 16594
10791 7025
10750 -9333
-20757 7790
-11331 -17289
-12781 -12984
15249 -15903
12405 -15988
-11397 -14543
15592 -17362
13525 -17348
13888 -11215
10899 12518
-14181 9121
-12960 -16895
-16015 -11827
-16805 -15467
-11244 -14210
-12985 -7045
-11273 14297
15171 -15669
-13312 -17142
-13929 -15845
-15064 -5310
-9436 19500
-13002 11631
-16663 -16846
14176 -12216
7934 -13565
-13580 16062
-11962 13462
-13516 5817
11980 -11212
-16031 14482
-13566 -10454
-8902 12754
9482 12719
15515 14282
12453 12783
13363 14487
-18778 12509
-12433 -14357
-10037 19965
14249 15111
11982 -8076
13000 14767
15360 9739
13517 -12887
15636 -10597
12174 -12843
13586 14457
-14014 -15248
-14544 14538
-11130 12900
13694 -12418
-15783 17086
16561 -19146
-16408 -15271
14229 20490
14407 10496
9486 10048
-15106 14060
18232 17409
-14258 12020
22538 -16470
15286 18763
16488 14327
13494 -15008
-14136 -10918
13711 14680
15003 -11326
8841 21125
-12995 9465
-15860 -16311
-16227 12600
7400 14726
15826 8466
15998 14726
-13359 17241
-13791 14263
14414 13939
-13187 -14733
-18427 -11944
17413 -10695
16757 13430
-12665 -14217
-11442 -8134
-17137 -18300
-12838 -12925
16074 -15543
-15595 17089
-11243 12123
15346 -18042
12015 12529
16258 16191
-15504 17941
-17762 11328
13055 15837
22395 -14208
-15971 16041
12315 -16046
9673 11558
14379 -11509
-10581 -16475
16558 9067
-7314 -13763
-19308 -10984
14826 -11550
13964 -17324
14235 -14795
-17341 -16747
-13659 13415
-16086 12777
18913 13691
19744 -13758
11698 15196
19973 -14440
-8752 -20121
-12910 12528
12467 -11246
14570 12926
15892 -14475
-15547 12113
-16641 -14286
-18169 -10500
-15690 16433
-16393 15811
13844 -11669
16354 19559
15054 -14684
-9318 9161
-13680 -10867
-19676 -13464
16157 14823
-15023 -12956
9459 12966
-19635 8204
-15957 -13521
18313 15206
-17777 -16129
16311 -16905
16508 -22606
16897 10242
15938 -9534
-16805 8358
-12651 16260
12008 -18296
-14403 17378
-13634 -12588
15583 11037
-13423 17932
8525 -12489
16086 14520
-19183 -17713
12029 16012
-14437 -8503
-17080 -14378
14354 -12050
-14821 14875
-14757 17214
-7156 -15221
-17662 13662
10420 -19571
19587 14588
11738 15032
13891 15431
-13794 -14827
13231 -22382
-11708 -14796
-17409 17984
-21738 -16153
12628 9367
-16514 -12902
-15956 -12309
-12200 -9242
13798 -9934
-15124 13686
16307 15897
17911 -10197
-12534 -16465
-16487 -13223
-9524 15692
-16305 16477
15539 -14780
16400 -16522
15850 -12209
13849 -11081
-13360 -15193
-18470 -15670
17014 17480
15568 -14121
16547 -11609
-13859 15376
12789 -13313
20311 -13810
-14913 -16069
-24113 -14696
16592 16026
-13430 -10855
14934 13026
-9975 17558
-12939 8953
-12016 11102
-18510 13438
16255 -13748
19279 -13010
13422 -11436
8980 -14466
16219 -12903
16287 -8973
-17998 -15070
9116 -19035
14206 -9738
15642 -15039
14580 11503
-13341 12428
7057 -10778
17751 14509
17346 -11701
16096 -12443
12755 8548
12613 -19557
18988 12186
-13245 19482
-15933 -9451
16506 -13584
16624 -17230
-13213 13212
-13450 -7249
-16742 -16404
-12732 17030
-16115 10748
-15533 16944
14479 -14607
-11129 -14180
12739 -23129
15830 17681
22447 -14305
-11879 11484
10194 -9721
17204 -15111
15808 -10443
8808 -13066
14203 -16340
-17503 12290
11382 -11525
16421 -8533
14765 -12887
-21349 -12390
-14078 -16381
-16484 13550
7822 19643
-12898 -7098
-22860 -14215
17531 10466
-15982 20661
12179 -13232
14550 -17924
11695 -15391
-12502 -14853
-16025 16888
-17048 -12141
-15082 7200
-10341 15461
-15378 10518
11095 -14100
17210 -18124
-11949 -16043
14330 15958
-15336 -9609
14997 -19371
-11107 -17397
11642 15270
23048 -13516
-15575 -15614
8156 -6339
-12829 -18639
-21344 16059
12385 -14662
15527 16043
-19077 -11151
14495 -19593
17345 -18716
15656 -15135
12653 11690
9678 -12721
15715 12090
-12495 -13900
12649 13561
-9120 -11575
-16147 -21024
-15491 19090
-12641 22917
18310 12626
-17086 11127
13917 -14903
14256 11136
-17932 16657
14793 15070
-11495 -13260
-21256 11616
7540 -14135
11716 10879
-16222 -8734
14834 12274
14423 -15883
-13454 -19367
-11753 13791
-12532 -8059
-15585 -20970
-21507 13198
16960 -14281
15837 -17509
-21111 20766
10361 -17771
-14003 -16248
15269 -13384
-13516 -15655
13761 -12520
-15852 13697
-18352 -10715
17815 -16629
12077 20107
-14167 -17686
-16965 -18340
14697 -9357
17276 -12174
-17893 -15773
11967 -15762
-17780 -11901
-16259 9490
-15943 11632
15434 13635
14883 10415
17799 -16292
17727 13009
11147 -16903
-13254 15283
-19965 13822
15451 -12890
10910 -15663
-9985 15135
15143 -16234
13425 15335
16026 -12835
-15052 13792
-13004 -11448
-14923 -17187
-13226 15528
15904 11348
-15427 -14503
19675 -14465
11679 10841
12410 -16205
-12164 11964
7571 17751
12679 -11337
-13213 17566
15876 -11842
-15560 15869
16333 16509
-16502 -13532
-14891 13303
15929 -15537
-14146 9950
-8066 -19332
14640 -13304
11561 21422
15419 12719
14203 10498
12681 -17245
13558 17996
-15127 -14838
-18208 12432
-14904 13563
11111 9527
9353 -16369
-14051 10710
13262 19111
-13258 11359
13063 -15656
-16771 18781
-10696 -15170
16156 -16701
12211 -14283
13699 17123
16912 -15995
11072 -15187
9795 12305
-16006 13728
18203 -17308
18769 15226
12247 12634
-11942 -13390
15573 -10750
16081 -11729
12548 16937
13420 12701
10010 16362
-12169 15216
-10749 13857
-16222 -12950
-11313 17435
14129 -14220
12783 -15782
21513 -10108
-16421 12609
-13583 11970
-14839 -15194
15836 18493
14246 -9325
15767 -10645
-16951 11615
15438 -12328
-15283 16407
16408 13675
10638 13510
-13954 -17238
-13980 -14865
19077 12529
13053 -15422
-14564 11909
10937 -9851
-16515 14855
14947 -8707
11577 14897
17274 -18788
-15907 -15894
-14044 -10416
-9867 -18767
17882 17176
15735 11709
8853 13090
11571 -18815
-10821 18282
14203 -13366
15758 14296
-13798 13572
-11345 16015
-14884 -18880
-17223 17542
-12755 12413
14082 6994
9642 -8315
-17097 13594
13613 -16404
10907 -13778
12226 22773
-15419 12858
-15400 19194
11958 8995
-16915 17158
15441 13498
9326 -16389
-17417 15235
-13051 11344
12544 18872
-14046 -15003
-14561 -18293
-14425 -17062
-10665 -12769
-13407 14721
-13762 -16505
-14544 -9740
-16960 -13390
-13282 -14415
-18473 -11368
-9598 13364
18192 -15498
-14008 15630
-13851 13746
18645 12733
8976 9961
-15053 15045
-11602 -13454
13215 15499
-13757 13717
17248 -12150
-20211 20880
-10287 13691
15611 10507
-16612 -9138
-10575 -14565
-15662 13945
15376 10553
17628 -14049
9931 -16404
10920 -13109
-15081 17800
14475 16731
16288 -16468
7454 16149
-14813 16911
15634 16240
8190 12235
-15848 16699
14552 11021
12918 15525
-15300 10818
-13876 -14119
15746 12293
15415 12055
-13138 13187
11230 17167
14632 13256
9970 -16131
-17217 15012
11173 15658
-20407 14375
-16494 14181
13867 13593
8888 -7611
-18211 13210
14416 -16791
-18366 -7879
-13219 17790
-14639 14079
-14824 -9925
-11300 -11897
-15955 12752
17054 -16656
-11337 12593
-12477 -16474
18512 -13364
-12581 23017
14819 10311
-19444 13880
16433 14093
20517 8810
8869 -17060
-16850 18729
19661 13780
-13388 -13897
-6124 -15307
-12389 -14407
-14961 -12297
-12313 13575
14078 14303
11709 -12672
-13084 12049
-16686 12954
-12240 16429
-13944 -14903
15450 -16064
14290 11869
11509 12107
-15826 -10838
-15274 10543
-13469 10692
-10196 -16616
-20073 13141
-10334 -16160
11263 -13977
14709 -9993
14742 14953
-18523 8578
16563 11921
14787 10640
12711 -18116
17121 8062
-15771 -16158
-13266 -15470
-12010 -14887
-17685 12150
14767 -16458
19271 13218
15366 -11712
-14339 11457
-16241 13326
15808 14183
10276 -14863
-13888 -19453
14643 -16880
18317 -14684
12712 9387
9648 -18376
-13075 -13704
-14949 14226
-15028 -9913
14788 12032
7502 -15464
12040 17761
9292 -17190
10813 -12043
-16639 12974
10265 -18996
14583 13253
-12545 -17166
15123 -16088
17164 18469
13859 -14032
13168 16825
18727 -12097
-19041 -11144
-18378 -16115
16075 -13012
-9326 -12534
17413 -10362
-16873 14400
-14077 18932
11976 20010
12820 11358
-12482 13732
14542 -14235
12512 -19342
-18760 -12687
13868 11737
15392 -17983
14391 12873
10853 -17612
-12948 7581
11555 11599
13157 -12826
-15566 -11277
-17520 13458
21133 15390
-13948 14034
-13142 -15940
13981 13740
8244 -13276
11749 -14828
20235 -19506
-16305 14339
-12609 -8385
12384 -14265
18136 -11278
13904 14910
-21329 -14949
-16275 -15283
-13348 11340
-19959 14940
17073 -10682
13542 15884
17540 14638
-11650 16214
-20715 -10387
12144 -12749
-11807 -11799
11748 -14503
-18514 -11744
15955 -14481
11487 10915
11646 14048
17173 9528
-15034 17859
-16464 -18279
18838 -16515
-10972 -10500
-12991 13623
-14949 13774
-12355 -10605
17050 -11464
-7575 -15117
14224 -15819
13348 -18002
12243 16549
-18329 -14507
13895 12235
-9184 12095
-17100 -14012
-9091 -19305
11918 -12355
13765 -14702
13983 -15915
9714 15969
-12117 -12086
-17355 -21184
16612 -14143
11467 12694
-16079 13776
11517 12990
14166 -8481
-11054 -13606
-15094 11303
12966 -9756
-11729 -14327
13427 -17557
-12090 -10379
10763 14985
15856 10198
15567 14321
11544 14433
-16538 -15178
23069 15916
-14191 15118
12743 9870
-7462 -12239
-18483 -11692
-16858 13431
-17948 16687
12286 -19040
-13909 14476
21186 18499
-12382 -16485
-18819 -17244
-10776 21900
-11806 9340
13660 17193
-9682 -12692
-15385 11108
14482 14515
15158 14937
17228 -15788
-14669 -14674
-19535 20214
10457 -11344
21332 -10666
-15744 -9044
9839 -15578
-15266 -9892
15717 14413
-13809 21080
12072 13251
13367 12026
12231 16417
16233 19318
13116 -13416
-16363 10222
-18556 -16499
19210 10669
16068 -15530
-17497 8141
11492 13380
-15925 -13115
-13582 -15148
12144 13934
13815 18426
-20735 -16297
14005 12743
-10115 12995
-14363 15334
10097 15317
15084 15498
15773 14733
-12717 -17512
-21902 -18172
-14593 15298
16722 -9667
18016 -13258
-16873 13444
15622 11192
-13465 17002
-14625 -15301
-11827 8328
17379 -10322
14681 13732
17204 -18389
-9933 9855
-14358 16326
16608 11735
11818 -16162
-17715 -17051
15121 10215
13625 -12441
17064 -10561
-14995 -9431
-12596 -17249
-13868 15560
9173 -12037
-11069 13909
-9477 -9545
14538 -18427
-15169 -15332
7398 13064
17227 -17147
-13635 10207
-13237 -13963
-12065 -16467
-13117 9061
-14231 15596
-9632 13648
-12750 13565
-11583 14439
-17069 16524
-12286 13243
20645 -8626
-10068 15604
-11728 16794
11914 15303
-21727 15920
18555 -18315
-14286 -14560
-19129 13651
12784 18441
15737 -14303
14140 12513
-15430 13100
13783 11551
15093 11258
8216 -13979
-19975 18050
15246 -16644
15532 17982
9392 -9390
16599 -12253
11181 -11858
-11129 14854
-11093 13002
-13924 20075
14358 -12196
19999 10993
-18073 9340
13010 -16326
-17298 11071
16613 -17787
-15837 12349
-13008 13515
13956 13097
16399 17818
-18540 -15851
-11399 -13981
12471 8792
17224 13419
-8316 14180
15647 -14658
-13521 -10304
-13655 11873
17587 -11668
13265 13668
13594 -17157
16141 -13026
14441 13410
12708 -15509
12390 -15485
-13952 -12339
17248 14920
16283 21264
-16994 -17096
-13366 12576
-17461 10357
-14176 15622
15610 -18500
-16195 -11533
-15349 11472
-13708 -11282
-15282 14198
18119 -14332
12345 -17352
17963 16774
13264 15104
-12827 -15668
-18327 9364
-13068 -11640
-9731 10439
14003 13651
-12546 -11095
-12278 17113
15049 -14042
11002 20590
13420 11924
-14884 14163
18323 17034
10127 -18335
-12411 15844
17173 18423
13776 10175
12725 -21280
10093 -17715
-10983 15746
-10880 -18452
-11635 -14917
-14811 -12637
19907 -18435
-14572 -12334
17389 -15390
13800 -17558
17125 15818
-16627 -16290
14919 -14293
14297 12528
15409 14702
14235 -14840
16386 15904
-13166 13153
-17176 -15170
-15797 16746
14310 12490
-14185 14773
-11474 7651
-15488 14977
14137 11509
-13769 -10968
12181 15044
-20472 -13861
-13682 11299
-18253 11146
-13130 18014
-14684 -13842
-13673 -12556
-16750 10943
-12307 -17326
-15248 12225
-17046 19101
-8455 -10661
14645 -10761
12180 9152
-15652 10959
-10379 -14381
17529 17441
15296 18150
-11973 -16188
16269 -13807
-20009 -14167
-14234 11262
16726 -15440
15398 8591
12762 -13685
-16623 -11504
11984 -15508
-12477 13706
-12815 -13091
18545 16223
15343 -13886
-15648 -13726
19822 12390
-10196 -14317
14779 15405
17692 18918
-16356 16368
-16441 -15271
-9391 10380
16673 9092
12941 -15081
12382 13249
-17052 14005
-14916 -19286
-17298 -16986
-14583 -15518
-12907 -13409
11171 15389
12453 15839
-19008 15759
-14825 13824
13993 16947
-14829 13639
-14077 -12336
13784 15072
14174 -15934
11053 -9853
-8335 10618
11488 -16098
-19986 -16317
19242 -12617
14519 -9558
-13495 14964
-14378 5740
20100 -17912
10940 12441
-19415 15886
17017 14473
-13112 13221
-14033 -13903
14243 17249
15440 -15417
12855 13919
14120 12141
9577 -12572
-14704 11666
17249 15016
11904 -14350
12701 -13694
-14008 16820
-15141 -9719
-9222 -13398
15155 15994
-14127 16863
20220 10147
11747 16698
-15329 12528
16270 16663
12557 -16421
-12485 -9839
-16863 14538
-18453 18883
15596 18975
14696 14431
-16448 -10831
-15527 -14038
13610 -14027
18229 -12470
12929 11184
-16565 16461
20434 -13170
15437 -14050
-16158 -13889
15796 19342
11057 -13500
14582 -13255
-13740 14144
-14544 11283
12972 14545
11993 10630
-14913 -14043
-14068 16920
13430 15194
-15863 9446
-14846 -11210
9990 17053
-12518 11668
-15545 17168
15689 -16976
15664 -12707
11780 -12918
-13469 13651
-20735 10837
17714 10500
-17334 -12618
13459 13231
-11995 14250
14252 -12729
15684 -15152
12729 -8444
14066 15744
-13379 14548
-8771 9192
-10773 -14281
-16761 -12360
14081 16966
-13991 -10907
-15552 10628
14789 14144
14270 -15605
-12802 -17303
12415 12372
10279 -11009
-14409 10836
-14922 14189
14322 -8663
18424 -7821
16850 -8108
-16726 -8478
16626 19114
-17817 -8463
11834 10425
15632 -16083
12812 14845
-13170 10639
11928 17815
-14498 -15169
-15735 -11260
-11463 -17852
-15993 15374
7881 -22748
11560 16381
-18219 10748
11590 15862
13486 11245
-11891 -14122
-11686 17420
-12757 13134
17154 11380
18623 -15302
-16672 13562
-15097 15357
-14678 -13442
10328 -11263
16914 -15930
14014 15356
-14676 -16349
16192 -14205
-11946 13764
17303 -11460
8057 15934
17581 -11981
-15080 16965
-11508 17584
-12141 21990
16586 -17050
11177 -15970
-14943 14928
14709 -13649
11291 12776
13432 16985
18610 -18039
-15615 10748
14867 13391
-13298 20062
-14387 -9833
-10833 12502
-14455 12382
-13824 12698
-15365 8395
-13794 13933
13981 18674
14317 -17397
-13599 20152
-11930 13224
7966 -12292
18809 13215
-16978 19496
12505 18510
13627 -13933
-14595 -18813
10115 14347
-15450 12236
9315 11459
19595 -13085
-17311 -12303
13522 -10537
-17355 12901
18805 -17453
-16258 -13355
-12391 16901
-14611 -14135
20735 -13807
9627 15698
15635 -9588
-16351 11862
-13416 -17096
16368 12543
-15844 20092
-17070 -20113
-13636 -19527
16423 17887
14329 17603
-16619 -13350
13133 -15982
-23654 -13014
11207 14361
12653 -17440
9932 17904
17024 13767
23999 15583
-16965 -11960
15745 17761
-17028 -12004
15082 11948
13714 7934
-15437 8207
11978 11960
14420 -15393
-18070 -16514
14884 22811
-18246 16005
16541 -13796
-12812 -15487
-17463 11380
17600 -11308
9136 -14884
-18164 16348
-16519 17571
13110 12560
12487 -13439
10441 -9648
-10064 -11376
-16561 9648
10027 -18654
-9878 12981
-15131 17627
-9962 13575
-15110 -17219
17740 -13412
-15590 14128
-15029 14659
16929 -10390
-17659 -11731
-13525 -14435
-10689 -23159
9547 -16427
16798 -22648
-18648 13769
-10367 -11188
14091 -12298
-15282 -13479
10766 -15515
-12077 -14856
-11624 12884
13196 -15973
-17251 9959
15263 -14463
9982 -17992
19012 10981
15852 15178
-17142 11521
12330 -13480
14027 8908
-14106 13363
-8025 -11713
-15046 -12108
14934 -13718
13044 14427
16166 12653
16023 11267
7664 9820
18990 15746
-8334 -10724
-16510 13478
-11477 -14658
-18645 14344
7803 15946
11196 -14552
-9649 -16866
-14553 16882
16576 15763
-13156 13227
20211 -20128
-14196 14525
11333 15484
12604 15727
14253 -15189
-19613 -17619
12618 -18020
14550 14274
-15359 15029
8820 -12863
-17703 -14930
13874 -12453
-15957 16694
-11033 -9099
-13876 14603
15266 10889
9167 -8257
14289 12633
-12368 -19149
-8845 13421
15628 18030
-17688 -12226
12818 -13675
-8786 -11885
17279 -19315
-12990 15998
13044 -14285
-13739 12448
15448 -9537
-14438 -14764
-10666 15543
-19805 -10472
15100 -15819
16039 -12334
-11231 14718
20208 -12726
-14895 -16570
18044 -21150
15460 10785
-17115 10337
-19640 -10629
-13004 -15359
-12705 14927
11217 -17794
-9581 14499
14956 18967
13277 -17008
-11219 15520
-13569 14673
-16412 11884
-11954 14584
14083 -11340
13356 -12997
-19439 11731
-13047 -7733
-11957 -9290
-17735 11521
-12353 -11882
-11179 -15135
-14178 18864
-16144 16143
15787 13852
11596 -16382
13825 14192
-14500 -13130
-16770 13679
-14867 -13997
14763 -14412
-17298 -14175
-16955 10874
-15009 -12652
16985 -12498
14698 -14292
19438 16722
13307 13919
-20681 16254
-13993 12376
9743 12212
-18582 14086
-10010 -11712
-16228 -17233
-14747 -8726
-14586 -16600
-12615 15295
18561 14706
11445 16033
-11800 -19659
-9175 -9545
-16347 -13211
-11678 13624
16429 9180
17041 -15005
-14740 -9594
14068 -18233
-13032 -13553
15711 -13844
15120 13864
16225 11074
-15618 12205
15737 -16439
-17521 14714
-10323 15951
12709 12839
8406 -17601
15965 -12890
-14059 -16101
-10017 14297
-15148 12890
-12855 -16299
15690 13399
13567 -16251
-9703 19990
17370 13493
12748 -17393
9469 13000
13582 16450
-13134 11222
-14563 12220
16696 -14215
17520 -14838
-11027 14620
-15128 -11826
-18700 -15139
-14141 -15741
-16817 -16771
12941 16597
-11912 11154
-14765 -19122
14758 -11966
-14724 -12581
-11198 13134
-16455 -19526
-13868 20143
-14760 10916
12813 -16094
-13932 15505
-16653 12229
15499 -16005
-17959 13472
18133 15209
15344 -7956
-16762 -14798
-12452 -17208
12818 -14927
-17994 -15011
-10642 -11501
13347 19221
15793 -13809
8839 10955
-15803 -15843
-15913 13851
10161 -20948
-17955 17482
14108 -12205
-14117 15722
-9437 8798
16546 17732
16179 -14152
-13073 14120
11584 14278
16671 15811
-14115 -10597
-9485 -18058
18175 17760
9282 10606
15262 -14396
13199 -18106
-15193 -18794
-15459 10742
-11254 -12256
-12635 16933
13731 14405
-15394 -18650
18087 -18113
15416 17385
-17656 -19259
-11011 -18149
18162 17943
10994 15030
14025 -15259
18244 9142
9581 -15511
-14453 -11681
-10793 11398
13786 -16615
-16217 11997
15821 -16564
-17211 -12143
-14555 16710
14697 11292
-18503 -17838
14743 12034
11142 8672
-15669 11915
13502 16770
17241 17597
8002 12540
-17317 -13957
-11996 -15712
16385 -15118
-13271 13052
14695 -12185
-13840 13810
-14222 10920
10439 10091
14173 -14894
9905 19374
-17245 12446
-13219 -19449
-10781 12062
-7316 -14291
15952 -13760
-12650 -15351
-10223 -13325
19582 -15321
-11479 16734
15377 13886
-13615 9300
-13600 -15975
10098 12399
-10031 14308
-18214 14581
16283 13736
-14710 12183
-13245 -12472
-13034 -14017
13188 -12400
-12104 16782
-12007 18419
-13087 19203
-17656 9995
-7987 -17425
16406 16574
16649 12476
-11634 -14876
16424 -11712
9694 13103
-15412 -10566
-10750 -11195
-11707 -11194
-15517 12967
13326 12616
20328 15333
-14890 12625
10510 18985
17648 14608
12534 12677
-10691 -13479
11825 -11439
-18469 -18366
-13646 14967
-18448 -11810
-15734 11491
18763 18061
16457 15784
13566 14832
-19621 -21874
-12015 12638
13025 14894
13218 13649
-16623 -15344
21582 14461
12119 17461
-15217 16069
17059 13348
10966 -15099
18238 11988
-16621 -16033
-11143 15762
17650 -11600
-16479 -18075
-14472 -20191
-5821 13970
10499 13950
-8881 -16078
-16988 -12379
-17280 -17865
10483 20887
-17475 20145
-15174 14690
-12675 -20906
20979 13670
-16469 -15142
14930 12460
-13815 15529
-18201 -14853
-17663 -13819
16857 18206
18892 14336
19669 11569
18043 -10926
15635 14901
-9380 15406
12081 -10055
11716 10317
11317 -17773
16225 12036
-10622 14437
-16579 -11335
12328 -12491
-12611 14426
-15186 -9093
9053 18460
14801 -20143
11726 -18985
-13825 -11190
-14481 -16046
-11410 -21852
16102 16218
-9611 -19134
15596 -13638
19142 11894
15068 -13178
-14480 17318
20511 12571
11359 15706
-14284 17655
-11945 16029
-16305 -11471
-17596 -18650
-15818 -11188
18385 -13486
10098 -11858
-18369 14863
-8709 13712
18584 15760
15672 -15267
-15988 17383
-11592 -22111
12405 -10466
11394 12457
-9712 -17419
-14241 8614
12747 -14379
-12663 -14973
-13541 14919
-14692 13215
10834 -19292
-11792 -13004
10915 -8812
-13125 15858
-13620 9644
-17846 14642
-14555 -18334
16989 17012
-19638 14426
13558 15603
15071 -13032
-18370 15349
13369 11091
19202 -10653
-12630 16928
18404 15806
-16652 15305
-13881 15572
-15188 13252
-17030 12769
17074 15623
-9694 17534
-11059 -17801
15302 14987
13858 -14247
20391 -17749
-11524 12170
15075 12880
13678 12850
13578 -14612
-17775 -14073
18597 -10687
-19562 -14234
-11800 -12996
13687 16969
-19430 -16411
-12467 15616
13488 -9685
18378 16319
-19689 15785
16389 -13473
21279 17259
-15342 13163
14233 -14703
-13847 -16827
11215 -12234
12042 -15141
13241 -14251
-11899 -15452
-12650 12801
-15036 -16531
13969 -11076
15684 -14778
-18069 -14580
12663 -8245
-17118 -13746
19618 10570
-15321 19655
-15682 -11675
-6488 -16009
-12570 -14749
-17938 11988
16244 15387
12776 17150
12904 16657
-19242 -13727
-17976 -14248
12222 18655
-17774 -12805
17621 -17727
-11082 -21029
-7579 18518
-13683 -9137
13393 18597
-11131 20955
-17487 -16330
14373 -17665
-10701 -19145
-16011 17509
16025 -13862
14807 -17115
-16694 -4873
-10783 -10360
11834 -19189
17723 14337
-15910 -15552
-14796 -14147
-13648 11289
-15883 -17993
13954 16007
-13229 17342
-14452 11322
15450 -12105
13165 7587
10780 18281
12808 14881
-15088 -14704
20506 -17016
-16167 -15364
17384 -10261
12662 -14933
11711 17685
-9709 -17584
17222 -12133
-10771 -10128
11386 21530
-16193 -15570
-14498 11581
18053 -9149
-16345 -12278
-10878 -20704
-15382 10245
-11819 13983
-13793 -14167
14899 15247
20399 18183
-17989 12473
-10198 14190
-11186 -17068
-15393 -13789
-12719 -15042
15407 -19851
14240 13603
-15132 20052
-19098 12491
-13160 20156
-15566 -19170
-12033 -16870
13675 -16782
8350 15901
11273 -11895
16108 16176
17090 -19121
-16539 11722
-13316 -7776
12016 17425
-11415 13727
-17540 -14088
-13993 -11287
-19806 -13079
16179 20691
-12798 -10953
-16892 15088
-13207 14369
-9890 -18937
20111 10819
-12023 -13349
-16488 18243
18225 12360
17988 16379
13381 -14721
-14610 13772
-9644 -16155
8853 -15641
14257 11560
-14358 15444
8345 14675
12444 14389
11533 15378
17931 -14944
-20334 -14263
13668 14735
-13899 -14413
-19511 18703
-17500 -14925
13506 -15708
14896 11107
14235 -17365
-13354 18047
-13170 -14672
-12762 -15981
13813 -14505
14764 13801
-13980 13275
-12256 -16266
18616 11623
16270 18526
-13551 -13113
-13720 17082
13449 16899
-15389 10944
-10228 16061
-11183 -14338
18270 14608
-19415 -16285
18412 12433
-17102 13384
-19632 -20020
9864 9908
9250 12015
13799 -15643
-13742 12183
10340 12852
-14103 11606
15856 -13601
-14146 15429
18452 12523
-14494 19899
13755 11232
-15324 -15650
12709 13926
-15896 -13895
-10960 -16717
-20633 -16474
-9403 -15603
-15183 13737
14301 15205
-17716 13933
-12930 -13468
12508 -16832
10350 15899
13276 -14941
17697 -13416
15312 13535
16882 -14214
-16842 -13807
15756 18978
-19349 -14549
-16582 -16275
-14623 -14114
14824 -19972
16761 15208
-14646 -12227
15807 -12927
-6874 12433
16286 13666
-11179 13321
-15372 16652
13494 18571
-13516 -12532
19018 13803
12143 -15424
15025 -12521
9973 19089
15689 14319
12456 14183
-15008 9044
-10769 16506
17087 -21659
12107 -15185
-8852 8490
-15126 -12500
11926 -16433
16017 16862
16142 9464
-13718 5357
16870 -15340
16092 14002
-13006 -13867
-14776 -12614
-17115 -15380
-12314 13301
-15853 -15062
-15180 11725
14549 -14963
-15652 -21663
18979 21283
-10619 12569
-11033 10687
16735 -13951
-14720 -12147
-18644 13655
18087 11942
-13685 12882
-18646 15249
-16124 -23743
15649 -20393
-14592 14016
-16063 -12953
-10103 13996
19326 -12791
13140 -16215
-11671 -12699
-15897 -15715
17290 -15944
11441 14683
-15419 -16607
16766 15212
12231 -13147
14041 -15198
-15299 -12962
13069 -21071
-18142 -6581
-14907 -13565
17178 -16594
-14107 17611
-16672 16206
-13595 13721
8867 -14325
-17661 -18442
16340 17686
11612 -18317
11214 9566
-13061 13109
19125 -17229
15612 -7018
-18484 -14887
-14759 -10331
12790 16699
-16031 -13327
17749 -18258
-12501 -11704
13506 13376
-8907 -10029
13291 11956
-11114 -14394
15579 16952
13998 -19345
15321 -13391
14745 13775
13956 19332
-17571 -18369
15406 -11936
14625 13634
11187 13362
-11908 6123
17983 -17613
11726 13726
12976 -12726
13298 -15164
15094 17863
-13714 10562
14128 -11916
-12989 -14989
-12277 -9381
18838 -11571
13367 17270
14191 -13916
-18501 8472
-14967 -12323
-12862 -11480
18494 13545
-14146 13824
-16083 -15261
14223 18437
10554 -11999
12697 -20056
17999 16042
-12305 -9805
-13846 -9613
-20563 -17156
-10228 -19411
15024 -12850
-13277 13157
-12759 16738
17499 -12824
7944 -9365
17664 14082
15400 -15262
-17420 14111
18369 -15572
-12665 11208
15814 -18264
-20466 -14792
-15528 -14750
16965 -9749
19154 -15542
16557 -12333
-16998 11600
18478 -15251
-15178 -15463
-13635 -10310
14078 16406
-9496 16635
9825 11223
-14834 12089
-16504 21129
-16163 10605
-9683 -18617
15689 -15572
-15463 -12694
-11852 -10781
-13423 -10639
-15946 15397
12509 -16785
-12898 12778
16737 19881
-17240 14528
-11519 -11916
16791 -13808
-20715 -14744
-13651 16202
12612 -19179
-17430 17748
-14910 14659
-16758 -12164
20926 17041
17096 13369
-11942 15389
-14035 12504
12474 -17541
11905 17570
13988 12901
-12843 -14495
13612 14989
17899 -18124
-10567 -12223
-12061 10210
14936 12779
-12145 17664
-17693 -9357
16922 14942
19947 -10532
-15535 21792
14041 -6794
17305 -14801
-16758 16108
17137 13916
18402 -10477
-12349 -8618
17198 -20431
14915 14755
15099 11297
11520 15044
-14417 14392
-17502 -14003
15061 13791
16980 -13732
12813 -13736
15816 10971
-23062 -9981
12362 -11696
-9650 -15892
-11566 -15173
10577 10611
-12554 11972
9825 -16013
