0 0
-13283 -17897
-9848 -16969
15261 -8982
-14445 20920
-20588 16920
10964 -22887
14037 -10848
9281 19899
-12228 6717
18416 -13027
9384 -14746
-18758 -11212
-7614 11147
14619 -8379
12574 15662
9754 -18092
-7715 -7511
12940 13497
-20172 -17470
15441 19547
8931 11864
-10934 10223
19641 -15666
10293 24059
11935 9683
-11966 15002
16500 8143
12767 -16546
12831 -3329
11512 17048
-11641 15953
14572 8632
-21150 -9529
-4897 18074
13610 -9660
-17703 15294
-15946 -16200
-16495 -16368
16519 12892
-18210 -18755
-11377 -6657
11573 15089
-14024 12394
13481 -15792
-18657 16335
21365 -14149
8791 15053
-16469 -13753
-16957 -13132
-17907 -17031
18531 -15478
13222 -8423
-12131 16466
13401 -15501
-16319 16710
14636 13693
-18927 -8848
-7165 11653
-13030 -14694
-10362 -10062
15518 -11924
17083 9291
-12431 -20202
17581 13897
-11491 -12531
-13249 16970
-10815 14982
-15183 -17349
16593 -14965
16637 -16418
16114 -14485
11784 17672
-15525 12812
17892 21403
-17460 18058
-16693 12466
-15784 15800
-12688 10930
11437 16655
-9622 -16758
13419 -16057
10433 -21756
13723 -17523
8862 13920
-17057 14805
-12787 -13472
-16732 14929
18614 -16630
10441 -18055
7777 -12279
-15885 16661
-10132 12438
15999 -21367
-12121 17220
-12733 17140
13981 13710
17933 16640
-13904 11784
-15001 14211
18787 -17622
12756 14492
11839 -12505
-13412 -15034
-16913 -11537
7886 -8998
14957 18987
11597 15179
-19412 -18981
7157 -12512
18254 -11913
-12035 16349
-16323 -13006
-18449 13384
-22234 -11164
19252 13589
-10931 -14123
17084 16499
14446 -12657
15002 10149
-10973 -13007
13273 -17127
-15022 21110
15879 17599
15049 16322
-18146 14067
-14894 19933
11371 10390
9104 -12667
18335 14601
15393 -14619
-14519 -22523
12774 -12596
-13966 -15340
16857 -13173
19717 -16294
-15215 -18885
-17462 14201
-20014 -22154
13738 15376
-22933 13210
14776 14594
15141 -12256
13300 -14671
-13584 -13481
-14962 11389
-13075 -13781
-17915 18535
16750 18962
16002 -13059
-20121 12683
-12248 12365
13581 18407
18226 -12077
-14940 18352
-13582 -13583
-12399 -14145
20330 -12972
15367 -19260
15134 17536
-15134 12331
10278 7693
15403 16189
-16444 -15015
-18702 14568
11544 -15057
10795 16269
13105 -12378
-15700 18798
-20283 14838
-14497 12346
-12123 15615
-12161 15792
16306 -19638
11805 10053
-13734 15665
14310 15741
-18030 -9017
10199 -9594
13381 -10517
16765 -14720
-15086 -14094
10610 19541
10553 -18477
-13806 -11323
20110 15821
-18436 20862
-18887 -16685
14942 -15083
-14694 16568
-17690 18076
-16171 10952
14814 -14812
16666 -16401
-10713 -14974
18206 16691
-17930 13821
11914 15266
-10733 17750
16375 14975
-15206 -18763
-15605 18808
-16412 -11844
-15875 -19872
-15550 11869
-10900 23212
-15879 -15639
21364 -20406
9295 -17176
9631 -17342
9566 18354
-10537 10051
-18375 10374
16018 13867
13545 13377
11059 -15263
9986 16174
14224 15699
-12614 -18702
20166 14326
-11634 16816
17795 13737
10399 -15502
-16053 15956
-13288 -10906
14085 -12781
19044 14397
-13035 13556
-16384 14080
12872 -8594
-15034 13200
12280 -7717
-15679 12113
19524 -14391
-16155 14184
10232 18523
-16454 12012
11531 -15623
-15449 13359
18921 -13193
-14313 16974
20136 -22444
12761 15812
-17904 15482
-15439 -15767
-19418 -10507
-12640 18341
-16816 -8689
-15860 -15745
-15429 13126
17660 12945
-14340 12481
-15538 15974
-13119 -11723
-15813 -12554
-10654 -9829
13003 13754
7102 -16344
-20089 -12045
-15568 -11372
9546 11202
-14713 -10413
15084 20289
-15582 18859
-14522 -12920
13308 9614
13964 -15251
-11686 -13307
14616 -11971
-14699 16065
-14254 -18028
-15665 -10366
-8118 19369
-13016 16842
13720 -15303
15448 14543
13359 17740
-9448 13859
18733 -13661
10672 21325
11398 13755
-12701 10873
-13242 15210
-16343 -9427
-13502 -18434
16697 -12148
16870 17729
13076 -15514
-18645 -14809
-14488 13532
-16004 -14546
14013 17914
15680 -14201
11567 16324
-16942 -16136
21908 15524
9645 12016
-11870 -19882
-12353 -12699
16868 14537
-13635 16152
-16466 15330
-12865 -22407
15944 -11582
10152 18324
-13953 14138
-12547 -16625
-13435 -13412
13309 -15819
-13331 -10687
-19054 10598
-13591 -14954
11322 14784
-15095 -13884
21927 -13001
-14478 16704
-15756 12684
-19113 -9203
-9450 19196
13473 11831
-13732 -11971
-15861 -14869
14734 -11953
-11833 13326
11370 10078
-9181 -21111
15011 19792
10684 12393
14622 -15676
8802 15327
-17616 9473
13382 15490
15046 15207
10963 18584
-11786 8118
16723 -13683
7451 21443
-15729 12750
-11521 -10212
-9767 -14050
16581 -14202
-15627 16242
20865 -13368
13928 15604
10948 -13832
15330 -12871
11159 -9041
11969 16736
-11143 12354
12690 -18642
-17316 14999
-13933 -14582
-15501 12092
-8188 -17106
16448 22886
13985 12271
13304 11040
17619 10110
9284 -16969
-17471 -10379
15124 17958
-20449 13692
-12984 14974
12827 9683
-12720 16479
14837 17781
-19677 19810
-16223 -17682
-16238 -12510
-12827 13316
15364 13912
12831 -11257
14144 7223
10345 -13409
-13164 17010
12693 -22673
-15543 -9268
18052 17167
17559 -18717
12659 19717
-11849 8173
17552 -16268
-12213 11835
11444 -23497
-19248 -8356
-11361 12857
-15922 -18380
-9740 -15054
-17222 -14204
-14358 -12972
-12192 15572
17392 17669
12603 14034
12903 14710
13330 -18060
12282 14779
19840 12026
14913 15150
-21053 13159
19998 11335
5021 8810
-17268 -15777
-16050 -15490
13906 -13434
11444 -14617
-16256 -14953
23608 13019
9937 13911
-15952 15093
-14908 -11136
-13313 -13651
-12813 16706
10480 10217
-12098 13131
10300 -18280
-11463 -14424
16472 -15567
-20435 24078
-13130 -17048
15704 -12470
9276 16070
-16529 17641
-10769 10003
15475 -18594
-8686 13212
11182 -20838
-18366 -13931
16562 14961
-13149 -17116
-15191 -12966
-16155 11997
11016 -17338
-16966 -12069
13585 15012
-13653 -10326
14138 18116
-16119 18200
11563 15628
-18666 10573
-12806 9780
-15641 -15256
14992 -7301
-10898 11101
11433 -19543
15669 16713
-17095 17784
-13543 -15572
17467 13313
13335 -16643
-19225 15579
-17219 18515
-13631 12152
15679 -18298
11821 13566
11819 -20198
-18913 12766
-18869 17865
-13629 10202
13461 -14980
-13532 13763
-12353 -18752
12329 -17077
-18911 19217
-13224 15874
19737 17095
14489 -14280
15315 15569
18698 16090
14833 14879
17479 15959
12221 15331
-13946 -14131
16433 -15108
-12031 16687
-11921 13866
-13061 15174
-18456 -13538
-17125 -11722
-15696 -14535
-11979 18532
-16084 13401
-12727 -15874
-16443 12890
14979 -12932
14578 -14282
-13066 -12620
16813 20536
13447 17978
22697 -18589
17077 11447
13531 -15909
13567 13118
-13329 -17728
11504 -14649
13050 -13430
15764 9936
-15899 -19840
-15445 20207
-15158 -15966
13734 14689
14507 12163
-15067 -11829
-11115 -15424
-17836 -16756
8388 11724
20231 -15536
-11850 20432
17698 6068
16421 -12639
-11022 22567
9928 12321
-17162 11597
-12431 18924
17436 11020
-7758 13030
-17452 17374
-11531 11278
13770 -7301
13711 -8194
-17306 -21301
-14652 -19516
13165 17927
-12160 14842
19195 -17755
-16464 8671
16113 19450
13454 16226
-13791 15521
-16273 17422
12215 -10182
-17860 16442
20402 -11712
8968 17241
-19005 9381
14365 13232
14501 -13615
-15628 13976
-13688 -16102
15359 14157
12435 -14967
-14120 13970
-19508 -15061
9271 -14669
16282 14285
17657 12084
-8256 -14555
15054 -15810
16649 19668
-18101 18615
-11960 15283
21631 14586
-13196 12852
20286 16479
-13114 15970
-16726 19984
13991 -20872
16552 -9936
-19790 15388
-18652 10036
-15452 -8828
12903 16536
-8800 -26433
13171 -7180
-22217 14238
13315 -17571
-17230 -15913
-15172 16505
14066 -17962
-18105 -13068
14660 13023
13425 17216
-14895 12542
10383 15661
-19153 10195
-16088 -14655
-11798 -13482
18525 -10141
14151 13130
9728 -14823
-19279 13413
-11601 19673
-15021 -17161
-12817 -10548
20205 15520
11811 -15888
-12869 -9081
18288 -18464
11257 -15402
-19059 9091
19471 -17643
-16425 -12377
-12962 20273
10493 11355
-16318 -18842
-12495 -18666
-14340 -6720
-14133 -17818
-14745 -16191
-15660 15471
13549 19976
13965 11474
12718 -18446
-7574 13624
12910 14113
-16893 18699
-11922 19786
-11006 19533
14922 -15229
-18165 -10862
-9733 -17243
-14587 13659
-15134 -13139
-16834 -8587
-12342 11843
13695 -14442
6488 -12123
-13447 -11168
15690 16349
18766 10436
9638 -13568
-13104 -13103
16236 22009
15066 15973
-9028 -17661
13180 -15888
-14182 14901
-13791 16143
-20681 22364
-8466 11114
19885 -22988
-16840 -9346
22815 13477
18978 -18854
-14464 23604
-9759 15159
17878 -20763
-19544 -13833
-14151 11256
-11348 -9573
-14578 -20117
-11242 -15515
13649 -14888
-15462 -11905
-10610 16300
-12849 -11851
17190 13430
9161 -13271
-15850 14807
-16327 -17553
-15814 -14209
-11638 -17514
17654 -15075
22062 18663
12088 11489
-15360 -15174
16901 -10472
-15497 15242
21162 -17748
12737 -7576
12637 16636
-17672 12969
-15950 -12110
-12319 -14536
14267 -12000
-13291 -9659
20748 17669
-22867 9807
-6231 -9661
13721 14082
7435 -18454
-20044 -9699
-12500 11885
19930 -13146
16558 21518
12268 13147
7071 16202
15986 13412
5925 -11868
-12213 13045
13889 14103
-16526 -20550
19355 -13049
-11502 11179
14092 -13054
-16147 -14159
-15394 -14028
-14082 17482
-10874 -11184
-17134 13937
18748 15577
7808 9707
-13924 -21136
-16520 -10795
-16584 -13658
-6345 18940
14561 9054
14952 11029
8785 -15189
-15928 -13185
16614 13320
-14033 -14531
-16689 14632
-13167 17950
-10707 12788
16884 11706
-17274 11264
14128 13846
15151 15725
11674 -15116
-17962 10584
-12391 -18130
-12238 -10291
16304 -13267
-11807 -13450
-12989 18095
-13503 14558
17084 -15558
-13651 -18372
17284 -14286
-17790 -10698
-18475 -15446
-8709 -9306
16340 -17558
11503 -9363
14813 21879
20022 6743
11270 -17369
14886 -19346
-18928 -19546
-11798 15473
15352 17791
-17369 12700
-12474 -18981
-15117 -6589
-9629 17729
15261 12366
15354 -22015
9430 -15534
-18124 16638
16404 15657
-17739 8277
-10390 -13458
15405 11008
-14275 16569
-9991 9262
15747 -14720
16990 7702
9865 -14242
-14163 11775
17111 -20676
10210 -10910
-12097 10528
6729 -21086
-11279 -9594
14057 10485
12967 13828
-21654 8677
-14073 -11581
-11612 -7978
12120 19833
-18638 12363
-8611 13527
-14570 18950
-9264 9785
15769 -16108
11787 14425
-15316 -20353
16914 26097
8832 10648
-8137 -18818
16021 20073
-18026 16084
18009 18174
-17711 13873
-9103 11237
16329 -15082
9541 19145
-12725 -15137
-10248 15437
13769 -21314
17835 15756
18422 11635
12833 -14151
-12980 21028
18645 17476
-19623 11102
-8908 -14311
17373 14155
11315 -16835
13780 17507
-20502 13472
-7255 -17035
12496 14556
-18073 17235
-13930 11077
19934 -8662
9007 13756
10519 -13024
14595 14105
6513 15034
-21914 -8294
-12680 21814
12114 12831
-12403 -17735
12315 -11232
8712 11722
10476 7857
-12575 -11594
18273 15778
10008 -16954
-17898 16800
-14690 12005
-15270 6395
-16725 -21359
15361 18195
11876 11145
8723 -12294
-16663 -13609
-14260 16108
-13405 17812
-11438 10106
17102 -14253
-11551 15467
-13264 -14485
-11928 8623
-12069 -13005
-12494 18970
-15855 14800
-10699 -21110
21866 -12488
10856 19320
-18996 9558
-10321 -15168
15396 -12240
9784 -12443
-12744 16965
14456 13827
-21251 12190
-14112 18050
16422 17131
14076 17064
14267 12508
-16011 -10699
15971 -8436
18256 14643
11365 13345
-15157 13566
-11308 -13794
12314 20506
-14961 8917
16569 -18623
12749 -7762
17257 13641
7597 -14613
-15145 -14004
-9957 -17342
-16320 -15869
-16758 -13594
22202 13078
10312 -14647
-15566 16381
-11956 -17027
17989 -9666
11467 11696
12953 11288
16766 -21817
-15250 17802
16740 9491
-13677 -17330
-15920 -11169
-15597 13572
17887 -10823
13605 16292
12177 11858
18230 -15578
6271 -10324
-15453 16529
14740 -14336
-14603 -15121
16072 -12497
-14845 22733
20551 15991
-15006 -9680
-12405 -11765
9493 -16812
11803 -13326
-12870 -11387
14463 -13231
-17140 14800
14044 11476
-14548 -11244
15352 19336
-14349 8945
-10485 15262
-13180 14780
-18932 -17916
17452 -15037
17464 -14015
15593 14818
16522 -14893
13329 -16270
-17327 -14992
12444 19056
13223 19356
-16945 16929
12075 14586
-9053 -13525
14065 -17337
17470 -14397
15686 12761
-16620 -11488
-7239 -14247
-14751 -8115
7603 19948
13953 13400
-11412 -17870
-13605 -16735
-20128 -15528
-9663 -12093
11002 10304
-13018 -11716
11743 -10562
-16638 18303
-11805 -14958
20334 -11940
-16424 10570
-16755 -21883
-9143 -21251
12421 -11435
-16635 12558
15842 15037
-13011 12252
14450 -22189
17026 -14772
12990 -11640
-15880 -16210
-17947 18945
12029 14126
-14355 -18482
19286 -17539
16001 -12023
-12085 -14064
-13187 -11348
16291 12603
-20079 -13281
18869 12965
18174 11753
14300 -10638
-20548 21048
15603 -12328
-21320 -12867
-17897 13323
22004 -11381
10804 17032
-20990 13739
17423 16041
-21940 -16362
-15499 -14367
-17457 25143
12841 17412
17643 14751
9931 -13979
-16862 20356
-11445 14707
8318 18545
-16095 -16058
-10894 18245
12748 11182
9594 -15247
10212 -8496
17049 -11724
12980 12615
10344 -14994
-14599 -18774
21557 -14814
12735 -16753
-14919 18353
15103 14925
-18231 -16391
13915 -16919
13873 -14249
15049 16275
15041 14832
-13803 14989
12944 13447
-15245 -12908
-11264 -16851
17164 -21561
-18589 19420
-15921 11423
-13563 -12263
-10906 -16631
14664 15973
10632 15267
-14027 -13625
-16443 19737
-11275 18944
-11224 17420
19305 10264
9459 -19959
-16080 18695
-11079 15683
-16955 -10736
19737 14926
-11607 18798
-17411 12052
13231 -14527
8246 18423
-17993 -14764
-11020 -16781
13575 -13624
9061 -14341
-15700 14182
8610 10230
-14819 12919
-15803 -14857
10730 -10822
-16543 -12572
13196 -7605
11952 15033
-13929 -13931
16304 16044
15503 -16854
17809 13120
15702 -17661
-15725 14402
-15507 -11356
-13941 12512
10347 -13719
10984 12450
-9533 -13174
16684 15221
-14119 13917
15547 13711
13875 -11239
14531 -12581
-11854 -12639
-15699 7538
-15664 16567
-18863 6500
16280 -16693
12080 14589
15848 13361
11322 -19852
-11979 16648
16685 11017
-14295 -9288
-12084 13138
17749 10504
11901 11095
12709 -13642
-14822 15623
7463 13849
-11239 14493
-8688 -8724
-15504 -14752
19392 17801
10878 20954
-11100 17198
17001 17276
-17151 10521
15938 -19179
15050 -12688
-15401 -13328
-16929 19619
-8703 -14830
-13701 14439
12541 13781
13676 -15561
-12510 -11143
-13140 -20056
-20201 -10304
-12995 12238
-13991 -16759
15588 12888
18516 -18599
-14411 -15292
14314 16106
12554 13243
-15231 -16957
-13211 -12750
-15509 7957
19990 -17565
-16387 11859
-13098 12802
10924 -15656
-13916 -12208
-13360 16222
11307 16510
-16816 -14144
-10876 19131
-13969 16880
-12796 -19520
15702 16290
-13932 15914
14703 18846
12586 -12821
-11930 -16548
-13045 -15208
13186 -15046
12414 12389
18354 7045
16526 6354
-17981 16029
-21210 11858
-12438 -15384
18876 13429
11718 13414
-13615 -15951
-23125 17397
-15240 -15679
15171 -11167
13552 -6560
15142 19959
13719 -17566
-20468 -16735
-11827 -11986
6124 13762
-13803 10491
14252 -18872
-16645 -15504
19357 19499
13409 17700
20211 4425
10634 -19530
-16588 -10835
15392 -11342
-17123 12835
-3207 -16768
11980 19168
-17187 -17371
-14374 -12529
-10935 15387
-15933 -17623
-13089 -12242
7070 -16573
-17505 -8124
18885 7098
-18210 -17606
-14336 17994
17925 10977
10291 -19904
-17033 -14735
16906 -7841
-8727 23446
14267 15759
-19398 16243
-19712 14109
-12087 12242
14862 -14384
-12065 15308
-14633 17184
-14114 13620
19172 11272
15493 13346
13154 -19722
12482 -19491
15703 -14399
-16988 -13024
-8718 -13653
12045 -16055
-17041 -10260
19617 18870
-15944 -16794
14654 -14096
12091 -19151
-9270 -18667
14786 -13099
-16313 13440
15719 -18678
14911 16714
13931 -15323
-14433 -9834
-7686 15282
16594 -19334
16805 20173
20877 17255
12882 18373
15258 13690
10523 -15778
-16987 14279
-13278 20821
-17013 13901
-13720 -14976
15383 -14546
13323 -6669
13480 12415
11307 10040
-13363 14243
-11899 -19125
-8982 -13650
14976 -14270
13908 15853
-15582 14037
-16553 17985
13665 13217
-17013 -11800
-10066 18632
20377 9493
-17496 10074
-13144 -10143
-14238 10441
13577 -11771
15445 -19790
12687 -18747
-18367 -14277
-6912 -12635
14313 -22221
16789 -16728
9857 -10039
-13176 18475
13761 11125
-23049 -17591
-12899 -10977
-16043 12413
-13227 13075
14536 12721
-17041 13695
-15487 8817
-13682 11042
-19524 -14905
-15084 -17156
16567 -7161
-17105 13854
-10994 -11759
14929 12866
16633 -19850
-15465 -13712
-9877 15874
15881 -10659
-11669 14417
19669 -15540
16721 18941
11984 11522
11833 12754
20372 10977
15704 -14445
-14625 -13486
-17634 -12640
15393 17963
15650 18936
-15530 17518
-12259 12828
20576 13744
14758 9378
-17265 -23346
-13644 -17220
13442 18150
-12663 12426
18705 13935
8426 -13069
8663 -17250
-12350 -8293
12782 13943
-13751 -15259
-12830 11142
10055 -11941
-14744 19284
12447 11360
-18080 14281
18281 13005
11465 10776
-12559 -9387
-13000 9156
17894 -14310
-16112 -13137
14738 -16849
19683 -10294
12178 23716
-9529 9109
11541 -11748
-16227 19284
-12330 -20555
-14855 -8809
-6457 14911
-11552 -19099
15269 -13070
-14091 20635
18445 17502
17531 -20629
9083 -11715
-19468 18868
-20839 9574
-4250 -11570
13784 22067
-13845 11263
14349 -10730
17844 -11536
11513 15859
-14739 -19765
18212 -18236
-14694 -15875
-9060 16626
-12452 -15081
-14950 -14969
18792 -16082
10837 -14615
-23721 -15641
-12816 -15594
14274 -15560
-13943 -15690
-16969 -11728
-10225 14470
12849 10581
-11299 -15238
-10952 13579
9982 15198
-11870 -14625
10594 -14102
-17124 -9645
15388 21044
16728 15055
17303 -19011
14190 16838
-17518 7698
-16382 -16818
-11851 -14071
12709 -12465
-19034 -19860
-13307 -15636
13014 -12066
-14841 18243
-14698 -10429
-19840 23024
-10047 6869
17138 -14864
-19142 15972
-19270 14296
-13246 15511
-16409 8593
-14048 -14580
17002 20385
-13212 12871
-12683 12573
15827 -17221
-19760 -13466
-13433 15186
9367 13175
-16759 13212
22164 9096
15397 -9211
-17383 -13720
-12229 -15224
17668 19722
11708 10361
16763 -16001
6929 -20955
-14489 -10585
-12751 18187
13242 -16100
10270 21210
-13338 14374
19384 11792
-21072 17793
-13372 20646
17104 16296
-12640 10688
-15926 -14071
-11270 17821
15496 -19768
-17462 -14033
16560 -11913
17108 17982
12154 15490
10145 16994
14670 -18365
16132 -12628
14133 14236
-18453 -14153
15410 16879
12767 9100
10870 -16215
19295 -13249
11257 -16457
-15703 -12689
17104 16919
13098 -16525
8424 18659
12487 5681
-13855 -20731
-8125 -10451
20069 -16333
11706 -13642
-19235 21901
-12017 5541
13636 -11020
-13726 20820
-22369 17536
-5251 16845
20760 -15437
-16439 -10648
20996 -18026
5230 -17360
-13793 -14277
-9557 -5744
10963 6386
-18093 -16938
-9666 -11941
15429 17522
-12275 8009
20236 -10919
9741 21529
9191 16179
-12312 -14929
-18344 -7261
-12735 -21083
17408 -8960
16422 14684
13159 17579
15213 20416
-13242 13152
-17997 -12395
-11585 15392
20515 11161
12386 16168
15560 19415
16628 8610
14728 -16520
13404 -19968
12303 -11449
17780 18860
11621 -16223
14341 -14146
11380 10544
-19446 12984
-9316 19304
15167 10809
13692 -17961
11618 -10313
-17195 15400
15801 -15005
-17514 21548
16402 9616
-17328 -16751
-8361 -14689
17633 -14304
8473 15997
-11962 -8108
8801 8894
-17625 -19166
17915 -12752
9165 15338
-12472 15045
14990 11946
-12852 -15396
16181 -8719
11661 -18493
10071 -15711
-15887 8416
13698 -14810
11998 20242
16898 7925
-18055 -5390
-14467 12662
12923 -20293
10665 -13193
12581 18307
-13547 10849
15727 -16538
-17713 -19084
-8984 -9349
17831 9979
13223 -14356
11032 15658
14116 12291
-16129 6951
-16948 -15157
-12569 -15699
19770 -13391
11818 14581
-14761 -11886
11271 18529
-11004 -20609
13050 -12798
-16004 -12647
20108 12717
17375 -15006
20969 17703
7145 -12632
-15551 -11587
14337 -14393
13740 -18180
-15993 -11100
15612 19022
-14516 14129
-17687 16102
-14654 16705
13976 13294
-18884 8493
12750 -6061
-13899 11723
23324 20755
9591 9646
-17304 -19255
-13939 -15721
19488 15296
-19032 -16503
-7267 -12801
11709 12119
-5307 -17231
14255 -12267
-16365 17583
21642 -15710
8266 -10279
-12629 -12642
11473 18377
-17556 13966
-18140 -14834
-12601 16527
8336 8907
-18225 -12674
-9596 -12792
13308 -13415
12931 -13818
15005 13414
-14252 -17510
18381 -12831
15614 13894
9789 13607
-13873 -10366
-12688 -13457
-13082 -13451
-14454 18324
17597 11563
-9038 -20998
-13689 18033
12334 12069
-15379 -10127
15959 -18569
18020 14797
-16345 12147
-12912 -12559
17591 18699
17787 13964
14750 16621
14993 -19114
-7759 17641
16648 -19357
12665 -9161
13181 -17740
-17402 -13837
-10775 14747
-18490 -19602
-14893 17201
13682 13830
-17676 18973
15182 10752
-14468 11876
16547 -16478
16143 13293
-14523 -15203
13129 12264
-15445 -20851
-13373 -13850
11783 13198
-19924 -16543
-10228 13853
14436 17426
-18909 -19787
-18369 -15788
18497 -15279
14776 12117
15291 -13981
-17391 15990
-13403 17023
13443 -21489
-20378 -10232
-12076 17821
18233 -17018
-15362 -22787
15078 -12818
15793 18349
16729 13899
10126 7977
-18789 -17635
15114 -15920
-13069 11727
13973 -8951
-18649 13309
-12119 14822
20342 -17259
17942 -18965
-12745 -10399
13285 12181
-17920 14116
9711 -16034
-17587 -13821
12416 -11044
-16861 8088
-14846 16064
12286 14333
15184 12540
-15737 14375
-20676 14101
14258 17714
12592 13898
-9739 -12737
18789 -14749
-11296 -15914
-17060 13667
13431 14932
-11102 -17574
13926 14978
-11799 -16500
-12712 -11146
15399 19415
14172 -15542
16967 11302
10893 11926
-13268 13182
-14716 -17547
13728 11994
-16309 -7288
12855 16743
15201 -15817
-12724 -14096
15352 13549
15218 -13880
16219 -15673
-18346 13289
-15815 -19234
-17909 -13477
-17782 -14173
15395 -12061
18148 -16034
-19374 -17079
13326 13938
14904 14483
13194 -17811
11412 16868
-11389 14898
16632 -16827
-13942 14855
14030 -10758
12933 12595
11586 -12879
14304 -16569
15299 -11016
-12306 -15144
-9384 11744
10247 12440
10505 -15554
-14904 11954
-13224 20862
12378 11073
15196 18029
17964 9961
14959 -10445
12876 16064
-17024 15009
-15513 11899
17223 10044
-12949 13127
17376 -13211
-17935 21345
13454 -13676
10557 -15298
16384 17793
14364 -21862
-14389 -16297
-9640 -10185
-14306 16370
-12595 -15814
-17345 -8909
15945 18379
14514 14868
13899 -17115
-19882 -12471
-15673 13090
-13628 -10749
-14548 16631
-12801 -16761
12063 17722
-15045 17104
16245 15472
15248 11398
12572 18146
-14777 12313
-11703 13953
13846 12390
-15875 13814
17722 -12897
13587 17439
13264 -15804
11107 -12334
-12705 10901
16120 14144
13490 13536
-19633 -16400
-12748 -13297
20926 16020
15070 -16239
-16877 -18316
-15469 -8961
-8937 16745
14275 -9986
-11406 14431
14655 -12655
15694 16587
12973 -21218
11264 -6730
-14571 -18725
-16153 -19249
-15381 -9805
17824 15711
19273 14750
12037 -12252
-15806 12270
-15406 -14791
13503 -11896
9973 15210
-18575 12617
17827 12152
11574 9147
18567 14464
-14254 13748
-15321 -8574
-14115 -17229
-14936 -14163
17041 14428
13889 -14735
16221 -11418
11086 -14056
10733 -13667
10175 -18929
14014 -12835
11980 17569
-12828 -16209
15903 18785
13064 14892
10705 -14926
-16187 -14963
-15402 12592
-14813 16125
-11391 13337
11909 -13644
-20736 16040
13652 -12344
8781 14945
20712 14278
12632 17814
-14252 14448
-12937 -16672
12181 11472
12738 -17152
-14419 16832
11091 8457
-11191 -19069
15840 15681
-15276 14699
-13329 17657
-11091 15267
16252 12593
12086 -11222
12139 16323
-12217 -17658
14328 -11799
-18214 16925
-14909 -20234
17067 -7783
-14549 17705
13218 -12081
10150 16237
18549 -15186
14834 12712
-13743 -18684
-12638 -11234
17403 11659
9598 -14894
12969 -10982
-18932 -13362
-9459 17382
17205 -18374
16400 12288
13383 -8039
10221 14661
-10340 -14725
13776 -19995
-12680 -11774
-9514 -15331
15761 -12235
-13023 9808
17559 13266
12072 17649
11072 15237
9406 -13188
-12932 18164
14776 -17011
-15978 -16324
22103 16962
12775 15983
-14764 12522
13976 -12457
-16189 24509
13926 16632
-13994 12245
17843 -12818
6832 16997
-14910 16126
-14694 12487
-8452 -14713
-12614 13123
-13422 -14236
-14835 -11834
17407 -8557
15447 14154
15364 -17237
-14302 16390
-12269 13976
-17013 11328
-13065 9630
10835 -15766
-17874 16560
13015 15038
-15550 12477
-20149 -17252
-14480 17399
12043 5876
-13109 -10620
14482 13075
-20766 -20232
-14539 20090
-12707 13769
10898 -17170
-10126 -11013
12582 11461
-17604 -14025
13681 -13069
14820 -19518
-10747 -9115
-9958 16648
-11418 16920
10311 15531
-15686 -17676
19283 -17860
-15458 15935
-8906 10895
-15009 -17609
-13700 11277
18928 -18790
17084 15447
18005 -20039
17089 -15617
16124 -18725
11308 -15832
13233 16722
12575 -16537
-17558 -12616
-16021 15032
14292 14343
-13938 16714
16834 -17134
14690 15982
-17801 10235
-13725 -13403
21260 11386
15940 16452
-13481 17629
10094 -15774
12530 -12254
-10632 -11208
11553 -13314
-24514 9949
-16937 12221
9432 -15891
15423 -9512
12656 17008
-17954 -16843
-17951 -14742
-9103 8044
-16550 -13018
22402 18961
14406 -24297
-15644 -13892
15067 19501
-15381 12470
12190 -17687
11323 -16786
18175 9696
-12759 -13087
-11620 14634
17271 -8985
-18484 18725
-15260 13692
-7736 -17554
11975 -11039
13320 15382
11120 15717
-15404 -16595
-13870 -15253
17789 15611
-13448 -14460
-11208 -15220
-16235 10906
15211 -13842
16340 13149
12767 7168
-22280 14309
-13999 11189
15698 -15083
-12979 -12381
12593 17378
-19609 12981
-11257 17850
-13363 -17457
-16080 -12828
-12130 17696
13398 -9706
13967 -13163
14101 16462
18132 -16851
-13168 -15434
16051 21245
-19114 16289
-12492 11452
12786 11988
-20394 -19724
-18386 -15641
-15178 17170
15452 -12313
16036 14813
-10749 -17985
14416 16654
-20830 -23198
-17144 12526
-12455 -18530
-16198 -13780
-11765 -10072
13502 -17004
9133 -12980
-11124 -17284
18490 -13663
16169 -20668
-15583 -6493
-9924 -15895
22084 -13454
-19234 20122
-15557 -13281
13913 -11033
-19625 14442
-17566 18801
14847 19811
-16422 -12510
-18973 12328
-12802 -19792
17497 -14612
13828 -10957
-23509 14313
12558 17902
-18699 -18437
-12644 16213
15066 15176
-19252 15862
-11428 -17110
12284 15952
15055 9238
15851 -15720
-19142 15859
10955 15467
-15861 17587
11806 -8566
16152 11474
-12483 15682
-11570 -13753
12509 18685
-10957 15275
21487 10000
-14567 12001
14489 16156
-18802 15406
-18020 14036
13209 15266
-14280 18930
12708 16177
-15251 13819
-13622 12301
14856 -12620
14562 20010
-18631 -15302
-17247 13879
