0 0
-18690 26914
-18562 -9917
-18971 -21641
-16572 -15235
-24423 -25422
13008 14549
-6154 -9927
-20939 4565
-21090 23334
6890 15768
25673 22599
-9599 -6548
-21427 -27339
-16298 15105
-23201 -6994
9996 -22740
19426 -15760
23430 -23282
-13817 9515
6749 21852
22547 15541
15957 25019
23273 -15579
-10332 11324
-19846 -6421
-21401 -22298
8047 -17501
26961 -18799
-15441 -18555
8222 -19007
22373 -17326
15989 -22419
23142 9478
-10871 25174
-21181 -11699
-17607 -20675
-18856 -18208
-19027 -17129
-16734 -24203
-24136 15786
15714 -9100
-9196 -22195
-21611 -16299
-17471 -22505
-19234 10213
-17405 25278
-22386 -13184
11037 -19344
24830 -21907
-13400 12323
-18854 19090
-23145 23542
16206 -17918
-10865 15794
-20149 -13811
-21718 9754
12520 21381
20939 17647
16828 19097
22763 17104
-14023 23519
-19430 -17382
-21622 11118
13867 25723
20280 -18468
17893 11900
18811 24558
18470 -15575
18891 -18640
17777 -22720
22148 19127
-15259 -16731
-18973 11938
-22619 25424
19657 -20170
-18242 17158
17529 -12395
-16693 -24121
14027 16520
19632 19704
22142 17942
-19898 18990
18803 17872
-18034 21807
15432 -19353
20195 15663
17626 22339
21553 -17008
-19621 -22298
16566 20507
19493 -18951
20008 16694
-17937 21678
-19103 -20315
-20072 17525
18071 19502
19030 18158
19875 18618
-18656 18570
-20295 18546
20139 19721
-18551 -18782
-20178 -19043
19416 -19196
19622 19952
-19415 -18967
-18646 -18880
-18763 -18327
-18723 -18841
19948 -18929
-19741 20064
-18801 18466
19804 -19932
18831 19802
18598 18757
-20428 18288
-18462 19241
20945 17094
17392 -18803
-19447 18910
20104 -19212
19170 19999
16635 -21635
-18599 -16331
19857 19156
-21416 -20714
-17156 -18238
20314 -18671
18954 -18409
16961 -19264
-20438 -16992
-19021 20379
-16783 19460
21059 15372
17890 -18023
19476 19649
16617 -23042
-21937 -14278
-15429 17041
20662 -17644
18972 17925
16217 -18445
-21381 19631
-17996 -23109
-18440 -15148
-19637 22816
-15639 13532
20824 -16577
19048 17621
15822 -18316
-20801 19724
-19635 -24209
-13544 -12326
16291 16573
-17746 -19414
19480 24141
-24089 12791
-12764 -16824
16411 18709
-18695 -22070
22486 -19347
17210 -14210
19931 16876
15693 -19106
-23347 24141
-13496 12681
18420 -16315
-23979 17629
-12400 -19530
16667 24107
-19390 12571
24447 -15839
12119 17003
-16784 -17954
19361 19004
-24172 -21760
-12933 -18915
17817 -15809
-22421 23139
-17065 13036
-19994 -16674
-15617 17839
21494 -19070
17304 21880
20414 18848
13820 15436
-17141 -20858
18934 -19745
-21608 -14179
-19317 16952
-14860 -17940
18103 19161
-21400 -22338
-19391 -17330
-14447 -19665
17559 -16174
-19520 22199
22850 15509
15605 -20577
-20987 -18890
-17675 -16754
-19647 22110
-16464 15957
21218 -20939
17700 -18167
19640 -18853
16548 -18033
-21880 -19831
-15743 -15517
20460 19286
19357 -22766
15706 -14670
-19269 18641
22383 -21587
16211 -17480
-22263 -20192
-14751 -15313
17327 17935
-18341 -19391
19602 21487
-21641 18063
-17590 18220
-19578 19529
-16604 16422
20901 -20760
18254 -18194
18716 -18737
18207 -18493
19640 -18565
16204 -18529
-19205 -18643
21037 -18316
17824 -19184
19663 -17374
16347 21758
-19203 15617
20967 -18473
18257 19920
18662 -22104
18735 -15865
18171 18480
19234 -19909
17642 21565
-20997 17166
-17508 -20081
21200 -19229
17250 -16956
-20276 19668
-18436 -21111
-18675 -17298
-18195 20286
-19460 18826
-16750 17678
18933 -20114
-19623 -19333
20326 -16931
19282 18667
17321 -19086
-19529 19633
20279 -20390
18552 -18542
18347 -18195
19140 -19263
17757 -17865
-19741 19750
19767 -19909
19077 -18547
18203 -18433
-19810 -18895
-19177 -18587
-18144 20242
19898 18765
-20354 -20100
-18184 -18730
19482 20273
-19685 18632
19547 -19876
19069 -18580
18533 -19000
-19772 -18235
-18692 19616
-18604 -19691
-18492 19185
-18734 19072
-19027 18637
19940 -19370
18844 -19223
-19661 -18752
19430 19790
-19298 -19040
19333 -19261
-19625 -18799
19349 19898
19459 -19141
-20098 -18832
19703 -18578
-18630 -19279
-20231 19720
19649 -19410
19313 19465
-20106 -18694
18738 -19129
19051 -18566
18514 -19319
18433 19811
18732 -19491
19428 19305
-19944 -19290
19674 19428
-18465 -18471
-19218 -20312
-18344 19094
-19731 19087
20053 18235
-19510 20031
18344 -20062
20136 18471
-20320 19273
19676 19396
-18141 -19916
-20740 19468
18951 -19316
20058 19225
-20218 -19180
18262 19236
20467 -18033
-18834 -20705
-19087 20244
-18240 -18085
-18665 -20858
-20068 20298
18947 -18553
20149 -20259
-20287 20239
19501 -18352
-19273 -19328
19280 -18298
-19327 -18622
19312 -19840
-17851 19943
-20925 -17728
18714 -20934
20525 20324
-18664 -18017
-20403 -19477
18728 -18154
20376 -18724
-20284 -18558
19525 -18536
-18003 -19880
-19304 18554
-19644 19015
18645 18344
19076 20089
18467 -20194
18580 19543
19919 -19319
-18526 17637
-20569 20806
18720 -18772
20510 -20622
-20095 20282
18001 -19552
19270 19330
19642 -19257
-18524 19253
-18969 -17827
-18359 -20824
-20328 18460
20047 20640
-19275 -18517
17679 -20661
19264 20211
19705 -19638
-19917 17915
17887 20889
20754 -20383
-20255 19672
19623 -19210
-19277 17731
19170 20722
-17873 -20187
-20752 19563
20283 -19310
-17830 19022
-20651 -17596
19000 -20738
18826 19074
18527 18932
18531 19839
18614 -20000
19610 19558
-18902 -19344
-18966 18028
-19651 19283
18784 19427
20188 -19971
-20134 18167
19637 19311
-19401 19503
19396 -19992
-18292 19681
-20232 -18324
19050 -19271
18921 -19532
18451 19965
18698 -18365
18535 -20245
19470 19337
-20043 19762
18694 -20214
19223 18831
19085 19891
-19799 -19312
18835 -18923
19157 -19256
18285 19024
18736 18960
19290 18336
-19150 18903
-18739 19162
-18541 -19810
-19343 19728
19176 -18802
18979 -19135
19270 -19194
-19102 19492
-19008 19394
-19228 -20039
19065 19920
19154 -19079
18814 -19408
-19675 19901
19532 -19649
-19585 18774
18933 19182
19656 19099
-19766 -19696
-19602 -19304
19567 19874
19347 -19480
-19707 19211
19440 -19045
-19512 19110
18964 -19140
19197 19516
19025 -18978
-19226 -19004
-19045 -18444
-19166 -19411
19332 19156
18653 19175
18772 18614
18799 -19604
-19967 19503
19556 -19524
19325 18960
-19624 19240
-18749 18586
-18466 -19883
-18728 19108
-19211 19230
19901 18457
18809 -19644
-20021 19900
19272 -19595
19056 -19138
18823 19784
-20012 18681
-18738 18558
19744 18417
-19934 18986
19676 18524
19191 -19915
-20269 19396
-18497 18989
19904 18688
-19452 -19467
-18757 -18663
-18534 -18908
-18557 -18458
-18584 19903
-18480 -19537
-18585 -18770
-18735 -18279
-18346 -19078
-19082 -18122
-18415 19466
19977 -19736
-19927 19580
-18945 18815
20131 18278
18773 18959
-20338 18440
-18416 -20004
19448 19938
-19457 18335
19917 -19788
-20190 19682
-18342 19056
19868 18558
-19501 -19850
-19045 -18914
-18668 20073
19700 18679
18549 -19631
18877 -18895
18403 -18819
-19825 20375
19446 18331
19302 -19822
18101 19762
-20016 18739
20209 18541
18417 18669
-19973 18554
19976 18369
18970 19051
-20242 18285
-18770 -19776
20425 19782
18340 18704
-19863 18338
19654 19168
19231 18101
17871 -19798
-19488 19821
19829 18720
-20146 18286
-19028 19170
20532 18006
18061 -19369
-19692 19835
19857 -19857
-19758 -18782
-18606 20275
-18643 18781
-18338 -20320
-19000 -18209
-18487 19429
19991 -19433
-20144 19787
-18197 -20010
19429 -18780
-19324 20020
19343 18618
-19682 18368
19228 19033
19399 18148
17880 -19899
-19531 19838
19737 19157
-19443 -19841
-18656 -18596
-18364 -18735
-18792 -18855
-18961 20041
19955 18684
18849 -19777
-19761 19359
-18631 19060
-18784 18755
-18700 -19956
19625 -19062
19019 20192
18585 18581
-19633 -19993
-18680 20066
-18496 18332
-18432 -19567
-18984 19680
-18638 -19405
19402 -19193
19141 -18535
18338 19690
-19833 18555
19472 18781
18654 18514
18683 -19609
18887 19583
-19683 -19264
-18688 -19357
-18660 -18308
-18813 19263
19554 -19278
19004 19350
18948 -19535
-19763 19231
-19223 19016
20079 18894
18914 -19572
-20006 -18683
19265 -18884
18819 -18817
18674 19965
18894 -19822
-19376 -18753
-19084 19653
-18899 -19347
19520 19328
18802 -19472
18262 19769
18976 -19698
18792 -19052
-20109 19832
19318 -19709
19356 19610
-20037 -19177
19159 -19235
18961 19870
18342 -19581
18808 19632
19323 -18857
-19679 -19014
-19036 -18427
19791 -18625
-19472 -18583
19620 -19309
-18982 19335
-19597 18910
19797 18428
19278 18834
-20102 19176
19153 -19166
19296 -19174
-20043 -18676
19156 19558
18822 -19540
18631 19497
19083 -19663
-19961 19037
19163 19659
19770 -19430
-19540 -19629
-19563 19166
20210 18959
-19015 19103
-19603 -19835
19526 19643
18635 -18860
18485 -19171
19568 -19046
-19402 19857
-19517 -18774
19157 -19106
19012 -19065
19178 19996
-19380 -19113
-18754 -19830
-18625 19477
-19326 19374
19220 -20006
18946 18923
19360 19097
-19406 19148
-19439 -19194
19880 -18808
-19543 -18522
19335 -18553
-19549 -18589
18667 -19349
19045 19130
18380 18858
19731 18444
-19177 19583
-19805 -19039
20172 -19077
-18916 -19216
-18874 19232
-18655 19639
-19210 -19308
19926 -18827
-19466 -18346
18573 -18868
19274 -19139
18882 19822
-19813 -19731
19568 18614
-18413 20086
-19293 -19280
-19125 -18936
19119 -18352
18830 -18823
18478 -19402
19480 19886
-19255 -18739
-19821 -19313
19508 -19132
19485 19092
-20165 18942
18878 19355
20006 -19179
-19609 -19576
-19270 20054
19795 -18870
-19462 -18967
19325 -18570
-19431 -19366
18777 19363
18902 18787
18686 18570
19285 19447
-19811 -19964
19510 18700
-19337 19052
19371 19168
-18627 -19204
-19034 -19699
-18580 19337
-19492 19885
19850 -20201
-19463 18922
19582 19828
-18774 -19601
-19082 -19427
-18484 19368
-19322 18893
19942 19207
-18829 -19833
-19820 18794
19506 19074
18801 19257
19363 -19381
-19284 -19512
-19809 20147
19590 -18897
19305 -19000
-19802 -18153
19325 -18922
-19337 -19001
19443 19248
-19527 18994
18952 18474
18989 18437
18258 18828
18770 19211
19501 -19701
-19409 19303
-19589 -19338
19705 19315
19187 -19539
-19975 18995
19809 19778
-18881 -19419
-19905 -19679
19656 19568
19216 19348
-20011 -20028
19825 18985
-19213 18966
-19296 18446
19368 18635
19015 18712
18942 19306
-19090 -19596
-19050 -19197
-19024 20091
19662 -19374
19138 -19339
-19881 19459
19732 19025
-19031 18637
-19128 -19499
-18801 19258
19382 -19265
18921 19280
19181 -19510
-19416 18814
-19446 19066
19579 19232
19333 -19494
-20072 -19404
18921 19901
19094 -19032
18965 -18829
-19257 -18594
-19077 -18860
-18841 19666
19911 -19429
-19391 19575
-19043 -18851
19830 -19368
-19828 -18523
19099 19566
19755 -19556
-19451 19520
-18766 -19253
-18516 -19448
-18522 19386
-18640 18875
-18483 18382
-18587 18625
-18481 18414
-18868 19019
-18793 18702
20139 -19758
-19576 19255
-18962 18828
19697 18687
-19640 19169
19680 -19594
-19127 -19556
-19558 19848
19492 18934
19033 -19975
18985 19030
-19922 18878
19005 18743
19222 18690
18530 -19570
-19851 19440
19055 -19390
18996 19522
18251 -18755
18930 -19233
19038 -18805
-19218 19123
-18859 19086
-19177 19140
19646 -20067
18967 19504
-19670 18975
19482 -19733
-19508 19495
19711 -19681
-19154 18935
-19546 18940
19769 18525
19572 19513
-19359 -19352
-19660 -19680
19637 19352
19031 18817
-19764 19155
19855 -19827
-19342 -18810
-19372 19717
19652 -19561
18718 19792
18412 -19317
18640 -19408
18495 20027
18838 -19199
18999 -19010
-19982 -19224
19295 19615
19378 19146
-19571 -20099
-18602 19119
-18749 19016
-19028 19041
19967 -19617
-19343 -18904
-18835 19721
-18597 -19534
-19155 19662
19497 -19099
18694 -19797
18710 20023
19187 19016
-19413 -19797
-18711 19549
-18722 -19761
-18904 19475
20028 19005
-19445 -19613
-19350 19514
19395 -19609
18959 19027
18879 18831
-20054 18636
19364 19077
19393 -20024
-20180 18953
19286 19165
18769 18927
18604 -19556
19101 -19299
-19366 20053
-18618 -19145
-18727 -18878
-18851 -18399
19869 -18760
-19732 -18321
18974 -18879
19209 -18998
18839 20017
-19897 -19352
19049 -19584
18925 19639
18401 19269
18721 -20233
19239 19478
-19308 19265
-19076 -20054
-18802 19255
19854 18947
-19077 18393
-19178 18358
-18595 18998
19597 18760
-19494 -19636
19568 19563
-19095 -19508
-18951 18777
-18473 19146
-18583 19238
-18661 -19396
-18535 -19515
-18600 19978
-18587 -19811
-18515 19056
-18734 19707
-19187 -19644
19581 -19358
19462 19702
-19507 19269
-19512 -20132
19915 19386
18957 19544
-19857 -19572
19851 -18975
-19377 -18636
-19555 19488
19550 -19461
19068 19463
18755 -18770
-19800 -19307
19709 -18634
-19080 19582
-19904 -19550
19794 19707
19156 -19201
-19840 -19360
19685 19925
-19585 -19641
18969 18682
19706 19300
-19445 18799
-19007 -19929
-19097 18982
19040 19816
18987 -20217
18984 19346
-19303 19613
-18980 -19689
-18362 -18623
-18733 -18706
-19222 -19228
19340 19354
19491 18832
-19810 18532
-19184 18422
20162 18914
-19381 18929
-19500 -19757
19389 19760
19101 -19312
18563 -19263
-19470 20122
19484 -19150
-19771 -18930
18971 -18390
19789 -19363
-19707 19765
-19605 19236
19700 -20138
19248 18974
-19893 18844
19806 18775
-19137 18741
-19546 -19601
19567 19535
18795 -19760
18356 19209
18782 19624
18972 -20188
-19846 19295
18837 19836
19185 -19569
18942 -19209
-19258 20046
-19123 -19180
-18820 -19594
19824 19578
-19764 18843
19408 18380
19332 18608
-20126 18673
19439 19176
19598 -19504
-19434 -19436
-18909 19413
-19144 18697
19467 18704
19505 19284
-19692 -19420
-19201 -18726
19250 -18562
19100 -19208
18915 19513
-20037 19343
19462 -19361
19191 -18986
-19984 -18847
19105 20117
18956 -19369
19083 -19481
-19414 19539
-19452 18596
19629 18723
19519 19102
-19628 -19981
-19143 19095
20046 19181
-19402 18777
-19325 -19877
20194 19110
-19431 19137
-19433 18976
19492 -19250
18961 -18993
19120 -18969
-19596 19199
-19197 19088
19707 18803
-19557 -20035
19473 19341
-19556 19454
18924 -19345
18956 -18976
18603 -18996
19391 18997
-19202 19083
-18699 19158
-18595 -19460
-19223 -19190
20111 19956
-19234 -19749
-19616 18984
19695 19687
19274 -19829
-20108 -19102
19147 19993
19709 -19772
-19648 19149
-19321 19433
19471 -19445
19054 -18640
18845 -18617
-19690 -18990
19512 19756
-19610 -19410
18867 19415
19286 -19542
18738 18875
-19720 19198
19623 19134
-18600 -18903
-19069 -19064
-18444 -19089
-19376 19778
19284 -19798
19562 18907
-20236 18799
19288 18692
19495 19018
-19226 -19820
-18978 18774
-19121 19146
19370 18896
19543 -19975
-19377 19262
-18903 19582
-19201 -19240
19104 -18973
19159 -18907
18812 19936
-19630 -19314
19434 -19176
-19429 19796
18859 -19466
19086 19478
19114 -19428
-19223 18718
-18835 19196
-19348 19402
19299 -19309
19475 -19551
-20059 19989
18962 -19714
18827 19083
18638 19608
19080 -20128
-19766 19032
19634 19227
-18793 19159
-18959 -19877
-18280 19104
-18762 18969
-18433 18412
-18627 18459
-19353 18785
19507 19134
19449 -20024
-19490 19465
-19471 19322
19566 -20070
19320 19049
-20271 19208
19439 19130
19108 -19492
-19802 -19274
19530 19401
-19656 18856
19105 19076
19401 -19174
-19791 -19068
19446 -18859
-19421 20032
19492 -19100
-18791 -19475
-19243 20171
-18903 -19334
19169 -19448
18884 19975
19405 -19513
-19711 19348
-19115 -19604
19974 19027
-19057 19652
-19146 -19728
-19183 -19594
19340 19441
19358 19495
-19867 -19290
19583 -19121
-19713 -18644
18886 19648
19051 -19610
18215 19035
18916 19216
19177 18853
-19821 -19580
19670 19560
-19787 -19614
19222 18972
19313 18738
-20151 18506
19272 19302
19661 -19157
-19974 -19783
19553 19676
-19506 19300
19677 -19759
-19229 -19131
-19425 20034
19754 -19319
19378 -19540
-19604 19484
-19395 18925
19389 18858
18928 -19195
18942 -19037
-19630 -18579
-19111 19529
19927 -19681
-19256 18962
-18718 19115
-18664 18975
-18969 -19566
20094 -19359
-19270 19551
-19377 19339
20080 -19514
-19297 -18704
-19019 -18537
-18945 -18615
19451 -18841
19358 -18833
-19984 19854
-18831 -19131
19693 -18863
-19656 -18214
19791 -19093
-19505 -18594
-19088 19596
19780 -19596
-19790 19605
19095 -19193
18808 -19520
18762 19380
18993 19068
-20104 18907
19118 -19916
19409 19104
-19562 19369
-18819 -19569
-19060 -18829
19416 -19012
18853 19289
18530 18821
18522 18327
18702 18961
19101 18716
-19315 -19580
-18823 19576
-18574 -19731
-19250 19341
19664 19412
19281 -19814
-19738 -19277
-19025 19416
19737 19088
-19341 18769
19376 -19961
-19479 19212
18915 19122
19200 18800
18753 -19227
-20019 -19023
19183 -19343
19395 19467
-19758 19306
19276 -19288
-19318 -19129
19369 -18700
-18829 19731
-19176 -19734
-18774 19348
19071 19379
19002 -19932
19216 19663
-19483 -19699
-19148 18916
19688 19653
-19430 -19664
19243 -18601
-19123 -18769
19163 -19036
-19098 19681
19191 -19598
-19261 19638
19451 -18901
-18730 -19603
-19065 20121
-19447 -18816
19224 -19192
19663 -19197
-19840 19849
19625 -18888
-19574 -19203
18996 -19133
19617 19376
-19679 19433
-18793 -19523
-18651 -19498
-19079 19937
19784 -19878
-19791 19400
19307 19252
19416 -20101
-19548 19232
-18681 18864
-18623 18488
-19428 19442
19621 -19634
19279 -19171
-19454 20146
-18839 -19401
-18410 -19126
-18683 20035
-18553 -19362
-18488 -19341
-18797 19549
-19179 19086
19441 18557
19009 -19649
18936 19470
-19237 -19390
-19179 19489
-18885 -18785
19881 -19281
-19060 -18832
-19190 19824
-19202 -18854
19272 -19069
18771 -19129
18660 19386
19323 18779
-19638 18620
-19356 18423
20009 18707
-19279 19062
-18890 -19291
-18490 -18785
-18485 -18625
-18769 -19169
-19129 19310
19537 19023
19356 18984
-19523 -19262
-18511 -18895
-18758 -19014
-19236 19410
19681 19337
19017 -19508
-19763 -18738
19524 -18440
-19459 -18800
18860 -19057
19260 19269
18619 19075
-19808 18758
19745 -19804
-18964 18846
-19559 19148
19392 18961
18946 -19314
19089 -18938
-19101 -19344
-18755 19562
-18614 19072
-19330 -19793
19691 19492
19205 -19623
-20047 19203
19248 19400
18807 -20190
18453 19068
19434 18958
-19381 18502
-19659 19392
19672 -19667
19463 -19302
-19336 20086
-18909 -19127
-18373 -18812
-18913 -18585
-18964 -19324
20034 19638
-19335 19447
-19457 -19362
20093 -19052
-19073 -18807
-18957 19767
-18334 -19900
-18952 19233
-18964 19331
19988 -20305
-19220 19256
-19514 19622
20039 -20335
-19762 19276
19120 19396
19803 -19236
-19703 -18904
-19158 -18452
20138 -18561
-19115 -18792
-19529 -18836
19404 19758
19019 -19470
19011 19301
-19471 -19220
-19222 19221
19697 -19381
-19708 19324
19627 -19379
-18664 18544
-19971 19118
19622 19154
19689 -19994
-20133 18701
18670 19010
19790 19332
-19533 -19371
-19472 -19570
19555 19478
18654 19560
18593 -19281
19237 -19114
-19332 -18940
-18743 19791
-18637 -19759
-18969 19160
19827 19711
-19791 -19783
19012 -19340
19944 20153
-19580 -19053
-19372 -19874
19355 19679
18758 19432
18423 -19949
18719 19769
19333 -19180
-19684 -19249
-19078 19827
19847 -19575
-19656 19555
19674 -18793
-19094 -19816
-19354 19841
20085 19145
-19867 -20043
18695 18600
19752 18963
-20163 18452
19148 18577
19080 18773
19278 19288
-19523 -19091
-19164 -19156
19909 -18845
-19675 19652
19722 -19553
-18976 18740
-19719 19206
19457 18818
18903 -19973
19308 19082
-19142 19801
-18841 -20115
-18576 19698
-19104 -18867
20111 -19088
-19273 -18274
-19220 -18757
19991 -19197
-19634 19111
19767 19064
-19125 18959
-19538 -19952
20109 19166
-19298 18984
-19692 18279
20124 18763
-18972 19161
-19167 -19286
-18908 -18999
19943 -18984
-19185 19437
-18992 18716
-18286 18769
-18879 19063
-19203 -20032
19675 19236
19245 19705
-20058 -19820
19378 -19068
19495 19976
-19662 -19009
-18576 -19040
-18681 -18881
-19312 19421
19652 18685
19187 18564
-19944 18652
18964 18530
19344 18780
18638 19051
-19670 -19282
19664 -19094
-19120 -18753
-18947 19678
-18617 -19591
-19062 19105
19247 18946
19088 18710
19116 19001
-19433 -19900
-19653 18787
19729 19270
19114 18645
-20222 -19826
19588 19110
19139 18900
-19957 18825
19196 18718
19025 -19551
19057 19286
-19592 -19316
-18959 19544
20037 -18833
-19193 -19284
-19093 -19040
-18816 19356
19794 19509
-18876 -19320
-19218 -19013
-18843 -19008
19783 19282
-19114 19301
-19179 18651
-18652 -19751
19701 19512
-19587 -19622
19638 19104
-18932 19635
-19196 -19856
-19014 -19264
19255 19382
18900 18995
18463 18992
18887 -19959
18863 19569
-19887 19035
19288 -19709
18769 19546
18500 -19794
19283 19088
-19679 19592
-19061 -19851
20075 -18997
-19182 19732
-19522 -19417
19397 19644
18940 -19238
18857 -18958
-19218 -18263
-19142 -18882
-18798 -19061
19692 20034
-19528 -19550
18915 -19040
19298 19750
18804 -19714
-19973 19143
19358 19000
19502 18354
-19539 18805
-18818 19123
-18397 -19280
-18846 -18981
-19083 -18320
19689 -18830
19265 -18949
-19757 19316
-19228 19118
19771 18696
19239 -19655
-19675 19861
-19332 -19671
19724 -19015
19224 19745
-19759 -19628
-19074 19611
19895 -19095
-19053 -19514
-19238 19931
-18531 19185
19570 -19435
-19517 -18942
19590 -18910
-19023 19282
-18867 19017
-18800 18800
-18895 -19907
19807 18915
-19862 19251
19152 18922
19421 -20001
-20358 19513
19507 19157
19382 -19957
-19941 19084
19837 18953
-19262 18405
-18754 18710
-18771 18629
-18874 18406
20017 18837
-19107 19044
-19441 -19818
19432 19694
19011 -19157
18921 -19545
-19873 19494
18988 18890
19266 19060
18735 -19177
-19719 -18908
19868 -18229
-19368 -18934
-19364 -18852
20122 19607
-19275 -19499
-19722 19473
19744 -19546
19241 19179
-20182 19340
19298 -20227
19688 19081
-19940 19664
19494 -19487
-19432 -18749
18739 -18586
19203 -18440
18903 -18848
-19148 -19015
-19016 19943
-19307 -18990
19464 -18855
19186 -18415
-19757 -18584
19430 -18592
-19421 -19364
19526 19291
-18801 19523
-19137 -19406
-18179 -18937
-18802 -19345
-19382 19133
19126 18789
18938 18608
19227 19405
-19675 -19572
-19208 -19330
19735 20065
-19635 -18904
19552 -19317
-18648 -18982
-19225 19807
-18831 -19673
20022 18991
-18823 20075
-19869 -19339
20139 -19128
-18977 -19027
-19999 19845
19612 -18827
19441 -19086
-19613 -18068
-19563 -18889
19503 -19179
19556 20097
-19397 -19208
-18705 -19450
-18663 19861
-19267 -19709
20106 18744
-19046 19249
-19682 18917
19435 -19870
18777 18729
18555 19180
19269 19243
-19833 -19235
19544 -18835
-19495 -18470
18635 -18697
19228 -19215
18811 20027
-19612 -18786
19504 -19217
-19349 -18979
19583 19859
-19028 -19540
-19727 19466
20127 -18517
-18743 -19187
-19100 -19502
-18265 19048
-18687 19724
-19408 -20080
19204 18897
19756 19075
-19433 18410
-18857 19395
-18274 -19440
-18771 -18759
-19333 -18666
19404 -19303
19581 19239
-19416 18900
-18919 18543
-18301 19425
-18850 -19170
-19254 -19142
19204 -18950
18755 19598
18364 -19314
18741 19221
19431 -19275
-19525 19375
-19479 -19485
20088 18937
-18879 19814
-19067 -19154
-18444 -19041
-19463 -19023
20058 19782
-18911 -19577
-18923 19008
-18609 19489
-19154 -20012
20102 19582
-18913 -19399
-19912 18491
19414 19314
18954 18743
19216 -19786
-19081 19681
-19845 -18809
19508 -19652
19229 19325
-19982 18882
18897 18375
18885 18715
18632 19402
18993 -19683
-19843 -19152
19613 19848
-18770 -19615
-19239 19756
-19045 -19168
19148 -19337
19098 19904
19207 -19634
-19037 19564
-18885 -18616
-19266 -19187
19485 -19025
19513 19318
-19333 19690
-19749 -20295
19623 19198
19529 19552
-19651 -20188
-19148 19340
19966 18801
-19016 18617
-19202 18932
-18463 -19602
19560 19617
-19548 -19809
19670 19237
-19034 19509
-19683 -20319
19342 19352
18966 19596
19095 -20085
-19685 18855
19245 19106
-19229 18733
19176 -19935
-19185 19306
19266 18801
-19282 18754
19269 19055
-19329 -19840
19508 19638
-18772 -18769
-18955 -19033
-18427 -18492
-18663 -19378
-19360 19134
20147 19045
-19376 19163
-19287 -19654
19454 -19213
18764 20185
18503 -19569
18470 -19300
18940 20143
18583 -19726
-19653 -18900
19681 20146
-19209 -19341
-19098 -18683
-18993 -18836
19861 -18839
18854 19960
-19653 -19356
19487 -19357
-19280 19582
19718 18747
-19479 18381
-19058 19025
19841 18720
-19722 -19782
19084 19775
18943 -19203
18445 -19396
18537 19750
18754 18814
19193 18438
-19495 18660
-19272 19228
19898 -19982
19089 -18998
-19721 20008
-19077 -19543
19414 -19283
19066 19631
18734 19002
-19978 18333
19621 -19576
19186 19682
-19657 -19128
-18660 -19315
-18617 -18462
-18517 19513
-18852 -19525
-18733 19708
19619 -19322
-19627 -19359
19909 19549
-19381 19002
-19371 18949
20192 -19456
-19501 -19400
-19298 19577
20071 18573
-19208 18679
-19163 19077
-18671 -19952
19820 -18901
-19251 19678
-19097 -19516
-18837 19569
19566 -19159
19304 -18971
-19685 -18269
-19514 -18968
19767 -18910
19120 19703
-19945 -19555
19112 19710
19250 -19219
18444 -18918
-19604 -18392
19818 -18810
-19213 -18382
-19588 -18704
20140 -19178
-19076 19423
-19327 18916
-18713 19181
19632 -19704
-19701 -18987
18999 19873
19182 -19940
18760 19256
-20037 19377
19475 -19602
19525 -18575
-19801 -18659
-19172 -19054
19771 19890
-19484 -19051
19407 -19210
-19215 -18591
19248 19494
-19197 -19224
19415 19264
-19473 -19347
18782 19494
19070 -18897
18382 -19897
18718 19258
19533 19945
-20108 -19345
18876 -19544
19113 19201
18768 19121
-19870 18555
19213 -19671
18994 19626
18260 -19028
18925 -19669
18920 19718
-19810 19371
19753 -19360
-18992 -18719
-19486 -18652
19503 -18783
18993 19626
19073 -19445
-19152 19452
-19107 -19022
-18805 -19606
19938 19840
-19042 19169
-19859 -20001
19360 19883
18719 -19198
18665 -19403
19324 20126
-19398 -19112
-18755 -18884
-18719 -18448
-19064 -18750
20053 -19165
-19309 19415
-19557 19632
19628 -19800
18583 -19010
18900 19723
18879 -19453
-19653 19269
19411 -19383
-19464 19415
19732 -19026
-19240 -18958
-19720 -18399
19249 -18484
19110 -18740
19246 -19282
-19858 19793
19816 -18910
-19315 -19210
-19331 -18898
19880 19205
-19568 18908
19508 18377
-18772 18536
-18874 18811
-18713 19061
-19088 -19359
20062 -18975
-19038 -18369
-18879 -18823
-18624 -18824
-18996 19797
19693 -19634
-19603 18834
19722 19289
-19282 18960
-19392 -19184
20268 -19093
-19259 -19079
-19658 19868
20114 -19817
-19199 19275
-18980 19230
-19119 -20053
19574 19235
19423 18837
-19487 18602
-19340 19139
19292 -20209
18990 19594
18993 19107
-20037 -19806
19352 19838
19583 -19436
-19749 -19412
-19085 19415
20113 19044
-19325 18811
-19677 -19623
19917 19465
19082 -19327
-20165 19721
19524 -18981
19274 -19666
-20231 19810
19427 19352
19498 -19330
-20096 -18791
19209 -19193
18835 19556
18603 18545
19090 18860
-19641 18688
-19384 -19760
19534 19813
18712 -19408
18812 -19184
18736 20001
-19835 -19348
19774 -18700
-19145 -18591
-19150 -19208
19770 19695
-19873 19311
19133 -19715
