0 0
-11864 4125
-6315 -10103
-4618 -4521
-12741 -14261
-16729 -14193
15153 10183
-14438 -12069
-10951 11620
-4039 9119
17349 19422
6355 10100
-8632 -14989
-11188 -5923
-10544 12878
-9366 -12487
18299 -12970
15790 -9920
7899 -9446
-18478 12167
11289 5428
11777 14320
6105 3858
8549 -5642
-20074 2216
-7326 -14338
-11087 -10368
11380 -14420
11459 -13995
-7881 -12625
12274 -16352
11277 -15953
10742 -8438
8304 7542
-10602 5835
-10128 -14479
-14641 -8535
-15164 -13860
-7744 -10864
-9495 -2915
-8863 11630
13203 -12685
-9581 -16617
-11535 -13178
-12923 453
-4596 17855
-10527 8572
-15426 -14514
10324 -9029
3370 -10926
-9548 13222
-8977 10540
-10896 43
7674 -6547
-13377 11577
-10383 -5727
-4805 8553
4434 10086
13733 11636
9145 9937
10016 12119
-17771 8807
-8547 -10401
-5703 19277
11315 13168
8264 -2618
10648 12249
12996 4161
11250 -8480
13359 -7243
9015 -8695
10181 10550
-11323 -12051
-12131 12170
-5945 8767
8836 -7610
-12052 14558
13696 -20219
-14340 -9975
12767 19779
11149 5789
3150 5863
-10457 12656
15835 15908
-10304 6401
24699 -12753
12045 18853
15718 9718
8497 -13787
-10660 -3749
12755 10063
11388 -5703
2929 22458
-10311 971
-14553 -12306
-13111 10694
2965 11137
14815 3894
12200 13637
-12157 15429
-7889 12445
10844 8363
-13312 -12511
-13571 -8518
17735 -3850
12139 7960
-10298 -11577
-7844 -3925
-16590 -17524
-6207 -10297
13025 -10774
-16904 18274
-2164 2860
12784 -14403
9079 11671
12207 14482
-16672 16458
-12976 8269
14198 10472
18124 -9247
-13410 12726
11229 -14461
5131 9153
9085 -12272
-3958 -10532
14668 2760
-6084 -12769
-15801 -5929
15991 -8872
9609 -17253
9174 -11725
-18760 -13168
-9992 13493
-11128 9150
22542 7041
16525 -8355
9769 12376
17639 -17385
-7467 -14302
-6456 8108
12041 -6703
11237 9062
11573 -12210
-17507 9584
-14056 -16555
-17960 501
-13617 16131
-11813 8910
15251 -4664
13505 17717
9961 -13947
-6060 6615
-14272 -12090
-12653 -3988
11682 9664
-12558 -9627
4561 13646
-24588 -3226
-4962 -6266
13047 11624
-16100 -19059
19973 -15431
12919 -20395
17032 6934
9160 -6621
-18880 9060
-3335 7613
5986 -14260
-15482 16693
-4888 -12377
12230 14706
-13366 8953
11657 -4857
5392 8707
-15129 -15295
8226 16166
-17143 -8941
-9182 -10857
10032 -4837
-17291 16285
-8571 9859
-3920 -10994
-14299 9174
11142 -19375
18162 17596
7716 11689
8213 9556
-10746 -16332
11706 -23985
-13208 -5120
-17018 13538
-17388 -14776
8065 6071
-18278 -14118
-13458 -6030
-3792 -5868
8053 -2293
-12244 14023
20164 9650
11368 -7735
-12762 -16283
-12016 -4692
-7407 15768
-10522 10887
16859 -16233
13135 -12816
15376 -9283
7018 -6645
-14483 -16098
-11927 -6700
18012 13450
13720 -14942
10648 -2122
-10793 11107
15581 -14040
15207 -9911
-19467 -15933
-17155 -6781
11855 13074
-8114 -7804
11592 15510
-8372 13325
-9591 4320
-9598 8392
-14906 7062
20452 -13896
15789 -8164
10790 -8609
3550 -12802
17760 -7927
8002 -5509
-16066 -14468
8619 -17035
11262 -5947
14514 -10080
8128 11651
-11227 3120
6795 -2602
16206 10061
16714 -11652
13855 -4252
8376 -234
12407 -18250
13702 15464
-14173 14131
-8834 -7840
18903 -11366
9197 -12386
-12538 11518
-10327 -7552
-15636 -8899
-9225 17354
-16104 6776
-8083 11568
10746 -13892
-7593 -15028
13640 -16778
15306 14269
18392 -11834
-8224 9495
9500 -10733
16886 -10403
11278 -7152
5984 -11195
6713 -11125
-15564 9172
12485 -11725
14472 -1213
6865 -11840
-24196 -9057
-9976 -12251
-13275 15999
3801 15079
-16836 -4774
-16159 -8959
14407 11150
-15270 15933
14232 -13495
10052 -16807
5532 -13334
-12292 -8003
-13718 14755
-16495 -10806
-11496 6520
-6679 12323
-11903 3273
13103 -14682
9141 -16664
-4682 -10361
8889 14725
-11693 -10357
12983 -19687
-8705 -10070
14586 10815
18372 -14075
-14599 -10954
5363 -2851
-16415 -13308
-16025 11847
12334 -10578
7850 14308
-17202 -11785
16976 -19358
14460 -17974
13844 -9313
8657 6976
6150 -9073
10999 8186
-8267 -10908
9649 11539
-7586 -13040
-14540 -16834
-13690 23956
-4667 20435
14703 10555
-15639 3059
15569 -10870
5821 9949
-14245 15264
12879 9396
-12440 -9099
-18746 7280
4705 -11371
4408 7156
-13179 -2991
16146 7468
7420 -17178
-11284 -15391
-7674 12154
-9520 -8082
-15890 -16989
-18317 9314
18539 -15302
8283 -10835
-19444 18805
5624 -19915
-10317 -12756
12958 -11065
-11167 -14172
12269 -6045
-19049 10122
-11903 -9846
17228 -10614
5961 18366
-13492 -19801
-12511 -15771
14065 -4185
12603 -10219
-16286 -13914
8756 -13509
-19754 -7411
-13170 6575
-12515 6745
14926 12626
12432 2050
17383 -11478
16320 7736
5282 -14216
-11643 15107
-17680 8344
15127 -10636
3977 -11377
-3513 11821
13608 -14209
10223 13454
13029 -9764
-14263 11327
-8888 -10220
-14155 -13167
-6736 14055
11147 5581
-11048 -12939
19450 -9832
7782 4990
7831 -13831
-8319 10828
3341 13909
7463 -5162
-7962 14755
12289 -7408
-12670 15356
14706 12394
-17688 -8891
-8710 8682
12186 -12659
-12201 4500
-319 -20089
11085 -6840
8411 21183
13876 9388
11069 4079
10128 -13605
9258 16076
-13709 -12710
-17228 10467
-11563 10060
7616 3503
2738 -13794
-9445 8121
8984 18358
-9431 5687
9469 -11739
-16840 17313
-2996 -14091
12432 -15573
10044 -9167
10638 13910
15827 -14816
6645 -11956
4304 9715
-12880 8846
19052 -14753
16838 13929
8368 7723
-7758 -10165
14742 -6427
13231 -7360
10091 15920
9679 9092
5587 15422
-8964 12969
-6703 10053
-14984 -8502
-6140 15658
11068 -12984
10752 -12858
20569 -5341
-15168 9467
-11014 6883
-10983 -11312
13580 17534
12379 -5338
12116 -5906
-14116 7082
12465 -7923
-12350 15021
14807 10845
5584 9428
-11615 -16258
-9429 -10992
18776 7907
8117 -12652
-10849 8129
5744 -4679
-13848 12108
12874 -3154
8113 11540
15134 -19575
-14486 -11990
-10968 -8033
-4065 -16631
16683 16119
13244 7609
3897 8989
7735 -16796
-5762 17073
11578 -10213
13269 11987
-11402 11176
-7177 12732
-13490 -17350
-15860 17293
-8677 7701
11363 1330
3277 -1600
-13838 9129
10213 -15209
7278 -8503
8002 22770
-13340 10420
-12304 18032
7164 4655
-14219 16352
13191 9110
3777 -13440
-16566 12966
-8107 8189
7603 17546
-11184 -13650
-12335 -17387
-11755 -15910
-6573 -8043
-11097 10415
-10858 -14190
-13000 -5394
-14977 -10760
-11318 -12244
-17208 -6181
-3736 8478
16295 -11778
-12122 13290
-9679 11461
18281 8653
1601 6510
-11319 12133
-7467 -10093
9002 14342
-9312 9460
14080 -7006
-20364 21554
-3863 9676
11559 6200
-14848 -4068
-6343 -12206
-13513 12070
14801 4794
15079 -11249
5833 -14920
6100 -8751
-11999 17474
13032 13109
13765 -13730
385 15490
-10073 15198
13080 14310
1486 9221
-12461 15317
12900 6761
7534 14479
-12435 4647
-10718 -9782
15293 8881
11184 8511
-9240 10811
7890 16368
12556 7893
2775 -12696
-13025 13604
4678 13269
-20495 12072
-13013 11851
11550 9711
807 -413
-14099 7439
9696 -14492
-17450 -690
-10276 16736
-12454 9815
-12110 -5923
-8481 -6677
-11912 7585
15007 -14106
-9238 8852
-6038 -16638
15779 -6012
-7992 23452
10194 4935
-17473 12195
16828 11237
20252 1012
-681 -12733
-10023 19234
16643 8346
-9888 -12369
-279 -11697
-10125 -13762
-12643 -5262
-7195 9804
12327 11211
5540 -10020
-10712 10829
-14564 9355
-9244 13422
-9099 -14718
14178 -11444
11369 9033
5151 6799
-14170 -6241
-13115 7918
-9821 3041
-7123 -12553
-20782 8938
-2012 -16110
5920 -10090
15134 -3119
6692 12109
-14423 2603
16920 10528
10443 1578
11853 -14458
11922 1547
-15048 -15989
-8534 -12625
-11066 -10237
-12899 6574
14424 -13345
19048 9915
9363 -7734
-13585 9079
-10474 11179
15279 8105
1377 -14637
-8364 -18541
15436 -15798
15178 -8898
9784 1771
2114 -19006
-10303 -5388
-13941 8495
-7892 -2689
11110 3986
2665 -8449
7921 13425
5680 -18873
2742 -1624
-13568 3504
10316 -14871
6780 9624
-6019 -21063
14840 -5043
15487 12216
9769 -8252
12692 13948
13808 -10982
-24079 -7348
-8010 -14644
10359 -9530
-1774 -9031
13635 -3128
-19160 14164
-6481 19277
11467 17519
2785 8420
-4118 7013
13070 -14099
3391 -18951
-15353 -3213
15291 1775
11916 -12590
11433 7384
3590 -17446
-8472 7867
11052 2620
6087 -11027
-19417 -1669
-5379 10139
17259 15863
-16671 3440
-1370 -8800
3628 -4307
3593 -4493
11234 -14692
-3408 4412
-19167 11269
-1499 -8184
10325 -10079
17559 -3920
3983 11808
-25746 -20747
-8795 -3494
-15997 8335
-12041 8278
19661 -3577
8076 16553
15633 12283
-17912 9667
-10862 -8517
5486 -9445
-6032 -8492
4909 -12188
-16513 -8579
21889 -8768
319 12155
15022 6366
8870 11470
-20425 7023
-466 -19237
10436 -13208
-7353 -825
-12936 13228
-10707 4599
-3667 -6655
15376 -10395
-3523 -11346
15843 -19097
9756 -5030
-608 9104
-10531 -11241
10131 15298
-9614 36
-15650 -14661
3875 -17049
7341 -7496
13002 -16497
9384 -4305
1539 11514
-14063 -17410
-7057 -18690
18731 -5293
-3595 12873
-8723 9481
12591 7662
5795 -9763
-13175 -2537
-2920 3467
3856 -7405
-3146 -14702
6985 -14822
-7992 2145
13038 12109
12648 4879
15175 16772
-5205 -59
-251 -6141
15651 19311
-9627 7807
10716 2240
-9637 -12210
-18383 -1676
-16639 18706
-7212 -902
2533 -11515
-2333 21000
18523 5603
-20289 -21265
-11354 199
-8956 19809
-665 6298
9023 9062
-13571 -7849
-2859 12297
14231 12518
14280 5466
8653 -21446
-20403 4482
-11722 12430
18391 -11768
6820 -3325
-8227 -7728
-822 -13710
-4190 2438
7188 16998
-7746 18832
13094 7857
8437 10072
11438 20134
14146 6270
3109 -5700
-23821 -39
-2229 -10370
23839 4473
-2354 -15572
-7246 14322
2389 -588
-17438 -12714
-3646 -5739
16364 19814
-6288 3431
-9918 -9235
9925 13790
-12567 10194
-5412 13209
10259 14136
14812 14270
5624 2572
-16369 -22696
-22719 -4551
-508 12293
22339 -15067
100 2118
-5827 7911
10310 13672
-17911 2672
-9167 -7828
107 -919
18864 2383
11600 907
11768 -14931
-15127 15323
364 11796
18813 85
-8529 -20416
-3810 -4351
12793 1787
15525 -11886
3910 -1938
-14291 -12762
-9693 -3589
-4419 8004
735 -5386
-8623 11013
3662 -14103
4736 -18603
-14292 -698
14423 1112
4749 -12436
-13555 6285
-9094 -19508
-7996 -7092
-12883 12113
-8119 9773
-6484 14287
-9637 7390
-9439 17132
-18730 11545
7448 5959
14258 -1308
-15349 20639
7565 9977
-11754 19060
-3769 -778
10985 -19519
-22085 -3282
-5924 19488
13716 3501
14009 -6830
1666 15088
-10901 5870
21495 11775
6013 -5894
-8574 4423
-8586 2642
18655 -4018
8466 13510
7660 -10482
15605 -9702
-1455 2181
-7805 10925
-9125 17981
-5354 6026
24293 -4037
-1160 9588
-4800 -6459
-2192 -5136
-2340 -1879
5781 -10297
-17433 15494
-135 6349
17786 18167
167 1499
-20983 -16016
4625 -5108
11923 8681
9448 12114
604 2768
10280 -16839
-20923 7306
6023 -3336
15569 2665
7608 1089
15788 -20291
10890 3786
13495 1007
8085 -16876
1022 -12275
-5188 343
25122 21091
-3126 5524
-15837 -11341
-9855 12827
-20725 10425
5203 -109
1875 -18234
-18214 3565
-9965 -1154
-14813 2512
586 2417
17629 -16975
9274 -6068
18795 25369
-705 -6693
-14587 -4555
-15592 1379
-8140 -7169
4226 16396
3289 -3931
-12864 8111
1832 1089
11622 1300
10443 20911
-2694 3400
-629 21353
19441 -4933
-8741 -5574
5124 21057
14655 12993
10508 -7316
7346 -27527
1527 5263
-11288 -1319
-1501 -19105
-19731 -8642
12002 -14435
42 -15008
1666 -7361
14879 -21436
15640 2788
-326 1619
-6342 -17788
18918 -2132
9737 18136
12694 -5649
16504 160
-170 18680
-11981 -7227
-21647 1716
6076 14155
-2259 11185
-8575 6197
-15293 6846
4963 14477
-4160 -5310
2990 7764
-8968 -2440
-16211 -894
-14136 5822
-14286 17413
-10420 -228
-11852 -13810
-14002 3694
-11813 -7766
-10308 -4855
-16577 20257
-1038 -7939
7236 -9984
11982 342
-5665 8622
-11981 -6228
7700 2064
20888 25591
-7225 -8408
10083 -10004
-5946 -16248
-22503 5834
11754 -9217
11431 -1017
15914 -6617
-12299 -6859
2492 -16779
-2109 7916
-11899 -6865
6989 9040
23510 -1773
-14859 -15583
15093 6484
1185 -7226
3524 5345
22012 17993
-8724 20350
-15847 -10782
-9219 2006
13122 6494
9672 -9705
12334 2069
-11641 16689
-13966 -14446
-15114 -18070
-14078 -12120
-9937 -14864
1593 10949
13104 13019
-14427 15700
-17259 10379
10327 15051
-7971 14494
-14561 -8994
8271 11507
11438 -9438
10132 -9327
-4664 6951
9866 -11444
-20029 -15839
14608 -9774
14959 -6307
-7287 10373
-14805 2960
17610 -17311
10857 5980
-19866 15427
13765 10715
-6246 13474
-13652 -12297
10324 16129
13731 -11920
10115 8363
11117 11053
6645 -9376
-12535 6817
15139 13229
8458 -10234
10113 -12144
-10603 14752
-12795 -3781
-5346 -11077
12928 13594
-11038 15654
19631 5974
8291 15400
-12643 9308
14300 15008
8736 -14526
-8759 -4944
-15995 12201
-16971 18361
14028 18915
11037 10851
-14978 -6565
-12314 -11666
11164 -11579
17824 -8153
7354 7680
-12917 13814
22037 -10859
9977 -11921
-12737 -8016
15100 16850
6225 -11953
11322 -7948
-12394 12132
-10043 6607
11816 13560
4497 2473
-12783 -7609
-8654 16218
9131 12364
-17098 1256
1498 11595
4089 14044
-12365 10278
-8131 10722
14910 -16218
12303 -8884
6371 -6540
-16966 11318
-10614 6902
10105 2025
-11979 -5759
7820 12537
-5825 7505
14543 -12684
11737 -10871
11293 1184
6212 15661
-11714 9035
-441 2015
-13718 -15860
-6162 937
7617 10710
-16147 -7361
-6709 12213
17465 4802
1888 -19062
-4485 -6704
10608 6718
1255 -7700
-17377 13421
-1934 5439
12254 -5068
23605 -23
-1238 -7177
-3478 7450
6625 11276
-14482 -308
15439 -2178
13448 -5694
-671 12263
-3238 11588
4585 5470
-19147 -12051
-7181 -14432
-12869 -596
-8583 -2684
9144 -12831
-3927 18617
-12059 4964
16838 16861
-903 -5682
-8822 -366
-9287 17943
-962 8701
24245 -3053
1596 -5691
-18818 18324
-10299 -71
-6970 -9935
13422 -11858
17379 -1277
-5419 6301
3041 -23606
3076 6888
2561 -1186
11297 4597
9462 2413
3859 2665
-14864 15760
-6538 25390
1168 958
18919 -21360
-10886 5346
2078 -608
12914 -2825
4614 18253
21727 -3838
-5344 -7682
3142 11198
666 18948
-13978 3179
-8114 2810
-9955 10113
-12040 9044
-11709 7345
-14770 3418
4784 23084
13287 -8139
-2111 3619
-12415 23807
-860 -12152
15374 9378
-4084 12445
-3493 23539
17597 -3074
-9748 -19995
3544 13383
-7272 11074
-4828 7806
21703 -5059
-10482 -9720
5461 -8955
-11041 8937
10473 -10691
-5055 -14755
-12226 11974
-12631 -4399
15399 -14894
8717 11540
12274 -2374
-8323 6963
-15318 -11999
14150 2344
-10466 22634
-15310 -14441
-13703 -22810
12151 13006
14815 18292
-14944 -6905
9971 -14761
-23126 -11623
3149 11821
10991 -15683
4877 14956
14438 11273
27243 14342
-14530 -7827
13083 15669
-14754 -6753
11564 7187
11412 3417
-12501 2551
7616 8388
12131 -13105
-17010 -14823
12362 23748
-17239 13799
14860 -10905
-10221 -12875
-15083 6901
16669 -8089
2875 -11211
-17786 15007
-13272 16684
10231 7460
9171 -10230
5110 -5425
-6497 -6027
-13676 2907
5649 -16726
-7411 12158
-11677 16329
-7095 7677
-9199 -17366
14980 -6519
-17202 12514
-6727 9583
11879 -7557
-18815 -7439
-8124 -15446
-6226 -22806
9429 -17099
8482 -18333
-18428 11108
9887 -11693
6476 -6915
-10927 -12423
6043 -14506
-11833 -6086
-1377 5072
3449 -12315
-10486 5805
13108 -18431
8104 -9525
19693 9291
5415 13795
-13529 643
15191 -8051
3409 8876
-11264 4142
-3372 -8387
-8977 -11278
16665 -3361
8322 12649
17853 9778
7786 3212
8442 13249
13879 2851
-10196 1495
-12525 2860
-11035 -8600
-13384 19630
7674 3884
3942 -20024
-13383 289
3318 14485
2410 17383
3721 -6799
8555 -9340
-7113 16511
9994 15361
13445 832
-3982 -15147
-12491 -20904
21050 -2563
-6105 16331
-2680 1455
-8167 -12558
-2558 -14898
671 7986
-12939 3788
-10026 3406
1977 13377
10786 -3775
7323 9298
2541 -9420
-11813 -6247
11735 21825
-5768 -471
-2902 -10719
2997 -9229
8222 -16298
1777 1148
-82 391
-1008 -1692
2438 4308
-329 -13998
-9859 5779
-16115 3140
-478 -13853
21336 -12499
-7860 7858
17676 -1733
-9371 -15842
7602 -20870
18329 -3189
-8286 9757
-21237 -4137
-11026 -13484
-11210 8198
5072 -9815
-3128 1906
8724 22714
12220 -11009
-3419 5822
-11597 16101
-12992 6528
-12136 13522
9649 -4002
11720 -11533
-14658 6048
-13549 222
-6496 -5837
-17125 7203
-10014 -5882
-7392 -14207
-10318 15466
-16626 15406
12960 12677
7553 -14350
12166 10699
-10932 -9262
-15027 9994
-13837 -10206
12183 -11831
-15440 -12223
-15526 6486
-13075 -9214
15284 -9027
12443 -11667
19510 15063
9381 11224
-20624 14888
-10579 8765
4135 9289
-17994 10738
-5241 -8958
-15393 -15247
-12075 -4244
-12675 -14056
-6953 14703
18324 12104
4736 11477
-7485 -19627
-5156 -4226
-15408 -8827
-4710 11918
17330 486
9315 -11844
7234 -12561
8129 -18660
-6976 -9532
14622 -8315
15389 12121
5772 7309
-6556 3870
8951 -12224
-19205 17142
2280 13087
4910 2305
8871 -15583
7666 -11424
-12946 -9877
-4248 18618
-16702 -4608
-1778 -2386
17362 -576
1555 -4140
2190 22020
16580 -593
5987 -11977
6943 18438
7545 8804
-18986 10851
1018 87
19348 -14621
6580 -3323
-10194 10285
-17181 -17183
-14281 -8236
-14905 -21622
-4924 1756
7981 14800
-18408 -5865
3756 -16774
1792 -8774
-12824 2800
-9457 -5584
-14411 -4116
-12607 23952
-1069 -12447
4100 600
-22221 16455
6965 -7487
-4412 -3789
-2507 17615
23960 3023
-7071 -9320
-14452 -14489
5174 -16395
-5560 -9123
-15599 -16357
6988 16124
13470 -9300
9110 3074
-8308 -10480
-18044 6806
3761 -14574
-13446 6086
4595 -631
-3686 6702
-9881 6189
11320 16136
16728 -7067
-5521 6276
1054 12202
18416 14927
-7397 -1366
-8993 -19201
16315 12514
5955 9977
11029 -10007
13525 -16237
-11586 -20896
-13725 5823
-7636 -8189
-10649 13048
10600 13770
-12298 -15463
14767 -19652
15011 15856
-15569 -17101
-7893 -18363
16815 16104
7156 13520
11746 -13036
17330 4012
4681 -13360
-11505 -7185
-6059 6053
9680 -13930
-13575 7681
13609 -15709
-17942 -6115
-8376 14829
9209 4527
-16632 -15073
14893 9647
-9580 4464
-11526 10421
14197 15707
13000 16473
319 5188
-17693 -11075
-917 -16504
8815 -6104
-6020 5468
9378 -5073
-13924 10480
-8137 8891
9031 -2047
11411 -4847
-86 21875
-18568 -2095
-4722 -13702
-10106 7991
6530 -15406
10292 -11919
-18187 -9894
12563 -16512
4536 -1243
1915 15101
6059 10861
-14041 -5202
-5813 -7046
8246 12840
-19562 12297
870 10721
4141 12745
-12699 -562
-14052 -10099
3736 -13691
698 3881
-9905 18280
-7874 18535
-15386 15434
-10689 -11591
7817 1587
18355 13788
246 167
3226 -19455
13100 10905
-7613 -3505
-5234 -8247
-4508 -9772
-14374 4229
-137 10133
23382 12650
-4788 9318
-2013 17771
15497 12729
14562 13421
-7078 -8374
8719 -5258
-14007 -21014
-12124 10198
-15922 -4872
-17915 2698
14288 18164
15823 12516
13188 17129
-16624 -22165
-10992 6211
7511 12101
12728 13431
-15129 -13283
19801 10374
11221 16641
-13481 14216
15210 11546
6801 -12829
17694 8308
-14634 -14130
-6689 13752
15476 -8343
-14976 -17617
-11673 -18981
1655 12058
4746 9034
-4425 -13925
-16555 -10171
-14027 -13426
5272 22575
-18192 19964
-12261 5937
16473 2518
16102 8980
-13004 -12841
12824 14600
-16709 6521
-16043 -14100
-11949 -4220
22359 19413
14890 9849
22246 3317
15220 -3250
8863 17088
-3306 5397
11259 -1271
5527 -1438
12411 -12091
8484 14639
-13165 6211
-6713 -14827
6861 4988
-15973 1047
-6584 9152
10236 2368
11748 -23809
-81 -14248
-14527 -4314
-10000 -27737
3113 792
8493 1577
-1046 -23266
19958 5365
19105 -2877
-6176 1332
6437 18724
18815 6166
-6912 19643
-11145 14183
-9714 3858
-18472 -20135
-16211 -7597
7617 -11964
1216 -6620
-10133 4736
-12974 12326
15077 16221
16580 -10249
-7665 11695
-11957 -12593
6577 -16448
7922 13200
-412 -16471
-14502 2507
8984 -9626
-7345 -14078
-9861 8484
-14109 13314
5944 -16941
-7330 -11423
6012 -4546
-8832 13204
-10831 5044
-16575 13020
-13292 -17222
15628 15177
-19028 11783
10548 13677
12216 -9253
-17038 13287
11704 6243
16895 -5560
-7843 16542
16473 13263
-16746 13676
-10293 13639
-14603 9947
-11658 9676
14675 16358
-7549 9544
-3271 -12172
10886 -1594
13430 -16285
14975 -10759
-4956 10475
13970 9170
12610 6428
1123 -16596
-8078 -7195
13123 -8038
-25470 -15605
4571 3896
1280 2378
-21208 -4750
-1143 8882
18665 -2615
1159 21897
-11976 -972
27827 -1187
2515 19923
-3235 -2484
3856 -14371
-6209 -13632
9859 -9177
11347 -12836
-93 -15377
-9215 1099
-12410 -1950
-3142 -14225
21287 -7221
-9779 -15366
-76 -5575
-5868 -7249
3134 -4164
6670 19009
-21675 3055
-2195 -14675
-4227 -13551
-19132 1195
6876 13968
9718 17074
11747 16815
-11318 -1773
-21531 -17780
6542 15730
-14055 -3990
11204 -14989
-2723 -24177
-2371 13349
-11239 -1273
8629 14345
-4682 22788
-16485 -10866
8977 -16740
-3683 -20323
-15109 15391
12919 -9669
13080 -16228
-14787 1195
-6475 -5636
8015 -18633
16103 11240
-14594 -14267
-11890 -9811
-11794 5643
-12088 -15772
10612 15957
-12635 15527
-8156 5182
13968 -7999
8883 5147
8253 17576
4697 8901
-6906 -14956
-5358 -15090
-11706 -11159
18479 -8998
8798 -4519
2229 10650
2839 -18565
9384 -8544
-3722 6339
4275 10592
-21163 -9344
3003 6949
7798 -6998
-17102 -14585
-5437 -13503
-14522 14250
-7915 -764
-5208 -3990
24083 19409
1882 13181
-16276 10556
-3410 540
-10500 -18413
-15081 -8511
3780 -18920
15694 -7331
-409 22973
-21865 10652
-10534 18249
-14276 -1215
-10622 -20241
2832 -18691
9666 8678
1929 -5044
14444 12115
15906 -11309
-3772 57
-4716 70
4273 11635
-457 13410
-18412 -6252
-9626 -9414
-21202 -10945
9493 17591
-3808 -2697
-16914 8704
-10379 14991
-7187 -17139
18849 4882
-5703 -9628
-15644 16054
15485 9370
17950 14983
10331 -11700
-11971 10539
-4463 -14613
3811 -12882
11029 8158
-11807 13261
4798 12529
7943 12494
9819 11012
13421 -13703
-19406 -8328
11974 9885
-15847 -9276
-18161 16508
-12545 -16922
14044 4188
11548 2570
8416 -11372
-13324 15579
-8783 -17539
-6615 -12752
16479 -7838
3374 16892
-12364 -1051
-1900 -9975
22435 16045
5349 7470
-15596 -5541
-113 22701
3185 6767
-13861 15598
-7299 -1273
7052 618
-220 971
-4768 -8991
9998 17458
-27196 -7341
-3641 -12004
4705 14372
10667 -6650
-2758 -4591
-966 13540
-5673 8630
5611 -4413
-3470 3432
8750 10906
-2218 16998
3644 14093
-11869 -10264
2669 4736
-6576 -3011
-9061 -16616
-19159 -13526
-6881 -17172
-14119 7272
9452 12664
-10916 12857
-14392 -5342
8700 -18956
5096 12351
10616 -8364
16342 -13570
12852 10203
17941 -8832
-15694 -13480
13633 18463
-18087 -10894
-15150 -15082
-12384 -11459
12303 -19770
14381 12459
-11056 -8923
13160 -9069
344 9859
13102 10230
-9215 11116
-9417 16558
6908 13873
11291 5439
17651 8841
9378 -15909
11230 -2409
7027 18778
14558 11464
3589 8159
-14779 9837
1268 5263
15871 -25265
4863 -4822
-9614 1251
-6086 -15321
11113 -3725
17869 15709
2899 1554
-4913 -9073
22737 -850
1521 2598
-12752 -11106
-13649 -14213
-14651 400
-6997 -20
-21397 -6119
7645 5241
-6040 -28322
5128 5512
7774 18990
-11777 4102
7259 -37
-18188 -3462
-26200 8707
12291 8151
-1977 8713
-17098 15208
-18796 -14557
9870 -28136
-5636 9076
-15717 -7707
-8736 8505
16483 -5237
11825 -15004
-4243 -10535
-16266 -12011
13825 -17189
10214 12940
-14033 -15054
15025 12329
8330 -9058
12068 -13275
-12871 -10197
9488 -21312
-18165 -516
-10339 -11814
14751 -13195
-13712 17812
-13672 13227
-9922 10106
2294 -16098
-14600 -9905
12643 -8404
6159 -16397
4008 9772
-6141 3286
23568 -14552
2934 -685
-20198 -16264
-2108 4208
-12 8655
-3619 -15341
8808 -16812
-3144 1545
5384 4476
2028 -367
3763 -708
-2450 466
18962 2783
7033 -20331
16856 -959
11951 21320
-3853 50
-4652 -19562
17290 5287
10443 11660
-4765 6387
7613 -14075
12748 1886
9661 -37
7700 -14308
8323 18746
-6495 13879
4878 -4974
-475 -14572
-15032 -3011
15436 -12385
10822 15750
14366 -7748
-14384 302
-13148 -5253
-12748 -9905
16616 8278
-7772 13182
-16128 -12807
10374 15886
6926 -5349
9018 -21333
17376 13726
-8441 -4946
-11224 -5038
-20963 -16455
-4671 -19019
11857 -8501
-11862 11127
-6039 13361
15561 -11172
2072 22
20491 6280
-15501 5969
-8264 8473
12463 -11774
-4686 4877
8090 -19554
-23874 -11695
-4298 -10307
19408 -6691
19921 -15537
1193 -828
-4483 2765
11634 -17507
-19451 -9957
1275 1070
5781 18440
-1990 11552
53 5311
-16851 16105
-13860 18754
-13542 -9233
9668 -17179
-898 -11360
-13622 -6807
-6119 -9468
-18158 8428
5050 -4329
-6706 -3237
9283 18452
-4020 18043
-296 -7632
13821 -7438
-11465 -17745
-18333 13737
9967 -14823
-13459 8798
-12174 16801
-17688 -8365
17024 13296
18294 11230
-6419 13000
-12252 10636
8467 -15724
7989 14980
11632 10476
-9140 -11699
10909 12253
16236 -17771
-7293 -7480
-6534 6307
11689 9789
-11351 15503
-13205 -4019
19145 11587
12896 -4049
-10329 22705
17818 -14199
9706 -5724
-14105 16035
25972 5427
3875 -5585
-1048 -8618
16989 -13824
11193 15853
13863 5570
1000 17350
-18373 -237
-3761 -2672
16025 5442
12620 -15567
14918 -2076
-6513 3765
-10767 -8227
6203 -11882
-9352 -12727
-122 -7647
150 16065
-5608 -8819
11747 -13790
