0 0
-18517 10545
-18644 -21585
-17718 -16550
-21105 -21777
-24423 -25422
15876 14175
-22389 -17561
-18654 23658
-14173 16309
23622 20573
13341 14955
-21449 -23565
-17347 -12573
-20214 17418
-14720 -22497
21065 -16898
19562 -20275
13649 -14631
-18099 21624
22314 17150
17288 20635
19950 13495
14984 -16800
-21028 18961
-18954 -22249
-16298 -17765
22871 -18780
14096 -18674
-18505 -18653
21728 -18196
17531 -19540
19708 -16517
16106 21997
-21127 15894
-18077 -20923
-18795 -18167
-18704 -18368
-18027 -19814
-19783 -15661
-15862 19015
19054 -21324
-21156 -17812
-18042 -19450
-18855 -17041
-18276 21456
-19196 16949
-17581 -20320
21221 -18925
16982 -17418
-20139 20286
-19180 19339
-17064 16501
19320 -18575
-20325 19025
-19006 -19628
-17781 20386
20211 18460
18459 18549
18983 18315
18329 19118
-19830 18048
-19044 -19980
-18301 20438
19739 18374
18688 -20028
18394 20135
18713 18845
18553 -19608
18532 -19020
18831 -18426
18861 19690
-19454 -19888
-19114 19548
-18634 19234
19632 -20014
-19437 19892
19461 -18821
-19417 -19859
18595 19450
19366 18858
19402 18363
-19872 18564
19558 18729
-19485 19559
18423 -20044
19185 18534
18405 20520
19986 -18886
-19919 -20351
18050 20294
19324 -19520
19457 18035
-18478 20736
-19091 -20313
-19863 17874
18213 19431
19024 18177
19936 18618
-18082 18614
-20919 18424
20096 20205
-17435 -18162
-21270 -18990
18357 -20219
21012 19865
-18248 -17211
-19187 -19399
-18001 -18295
-20850 -18415
19758 -20481
-16797 17558
-21667 21616
18307 -20224
18921 16901
20409 19844
-17387 18182
-21536 18260
17347 21254
21973 -20287
-19977 19368
16733 -18964
19194 18338
20938 -15580
-19860 -22720
18629 19930
-15442 -16241
-22390 -19829
17949 -18063
19018 -18823
20609 -18242
-17428 -20803
-19019 17450
-20656 18957
17196 21092
19732 -19974
17743 18632
21016 -15435
-16624 -23108
-21996 20661
17634 -19370
18933 18850
20649 -18638
-17155 18047
-19511 -14986
-18447 -22583
-18152 16970
-21191 22640
17234 -20639
19157 19643
20565 -18977
-17158 18204
-18937 -15294
-21429 -22994
20172 20420
-19158 -18537
18163 15386
-15689 22584
-22801 -20474
20561 18726
-18750 -15975
16146 -19377
20003 -20967
17785 20040
20901 -18722
-17026 15869
-21838 22318
19953 -20657
-16417 19346
-22311 -18465
20498 16352
-19097 22087
15890 -20536
22434 19428
-20564 -19032
19028 18727
-16299 -16562
-22098 -19472
20265 -20151
-17045 17159
-19687 21846
-18018 -20427
-20434 19505
17977 -18986
19283 17155
18056 19455
20780 19993
-20168 -17957
19269 -19111
-17369 -20226
-19413 20120
-20208 -19587
19753 19088
-17664 -17306
-19204 -19461
-20021 -18049
20059 -20195
-19357 18128
17833 20513
20692 -18858
-18869 -18871
-19090 -19849
-18148 18529
-19993 20279
18849 -19012
19046 -19011
18397 -18449
19714 -18561
-18746 -18519
-20211 -19831
19046 20092
18931 -18523
19515 -20147
-19987 20258
18495 -18608
20474 -19147
-19294 -18515
-19817 -19585
20118 19959
-19602 -19604
19571 18543
-18527 19134
-18997 18188
-18375 18658
-19763 19620
19084 -18986
18887 -18846
18466 -18500
18516 -18529
18760 -18621
19252 -18486
-20021 -18573
18959 -18584
18882 -18578
18606 -19295
19101 19506
-19917 19264
19039 -19928
18978 19884
18444 -19368
18704 -19178
18393 19865
18720 -19892
19270 19166
-19592 19308
-19261 -19449
19763 -19043
19327 -18846
-19529 19938
-18724 -19576
-18525 -19195
-18394 19673
-18968 18815
-18557 18877
19610 -19440
-19702 -19200
19306 -18409
19292 19413
18462 -19413
-19857 19570
19320 -19294
18804 -18821
18349 -18202
18851 -18959
18693 -18800
-19868 19863
19473 -19587
19122 -18679
18529 -18423
-19627 -18823
-19119 -19016
-18404 20028
19908 18854
-20203 -20006
-18360 -18846
19515 20229
-19684 18596
19544 -19874
19047 -18523
18317 -19120
-19794 -18191
-18665 19558
-18640 -19699
-18444 19553
-18833 19022
-18678 18282
20305 -19575
18199 -19261
-19226 -18062
19193 19654
-19147 -19592
19270 -19258
-19823 -17978
20258 19763
18577 -19671
-19729 -18494
19876 -18974
-19810 -18167
-19115 19240
20617 -19231
18151 19605
-19864 -19642
19816 -18596
18706 -19002
18635 -18199
18301 19276
19103 -19223
18037 19132
-19453 -19260
19764 19773
-19618 -19917
-18701 -18970
-18902 19870
-18425 18689
19691 18730
-19899 18431
20266 -19879
18321 19504
-19751 19250
19947 18167
-19774 -19391
-19241 19193
20306 -19116
18502 19122
-20062 -19228
19899 19756
18949 -19891
-19604 -18940
-18812 20162
-18254 -19643
-18939 -18979
-18962 20136
20305 -20238
18551 -18634
-19568 19941
19200 -19709
-19152 -18904
19209 -18319
-19392 -19098
19696 -18694
-19451 19975
-19485 -19514
19834 -19118
19308 20111
-19815 -19318
-19140 -18976
20093 -18336
18599 -18722
-19820 -18447
19699 -18869
-19336 -18783
-19116 19508
-18727 18550
19523 18857
18813 18651
18461 -19656
18838 19524
18985 -19817
-19801 19422
-19287 19362
19879 -19931
18978 -18956
-19908 19663
19332 -19312
19126 19287
18750 -19384
-19534 19767
-18611 -19196
-18842 -19628
-18958 19579
19767 19520
-19561 -19742
18989 -18873
19222 19743
18699 -19902
-19959 19325
19265 19300
18988 -19786
-19765 19642
19495 -19596
-19387 19337
19676 18966
-19137 -19751
-19840 19502
20270 -19437
-19187 19510
-19482 -18967
19542 -19733
18642 19507
18609 18986
18435 18922
18845 -19651
18993 19517
-19316 -19505
-18950 18721
-19208 19246
19407 18899
19410 -19947
-19836 18742
19535 19307
-19443 18879
19625 -19824
-18958 19761
-19762 -18716
19304 -19254
18818 -19141
18495 19993
18632 -19001
18704 -19670
19121 19657
-20016 19398
18905 -20189
19215 19266
18784 19510
-19781 -19429
18974 -18924
19117 -19170
18292 19238
18788 18903
19274 18336
-19260 18951
-18683 18974
-18577 -19773
-19267 19740
19210 -18854
18978 -19130
19252 -19180
-19027 19372
-19010 19529
-19183 -20014
19070 19922
19147 -18971
18848 -19454
-19703 19931
19550 -19616
-19506 18542
18948 19180
19745 19150
-19348 -19180
-20017 -19893
19489 19914
19304 -19474
-19787 19228
19472 -19068
-19467 19136
18530 -19151
19256 19413
19401 -18409
-18903 -19221
-19043 -18326
-19320 -19582
19154 19005
18723 19160
18659 18908
19181 -19760
-19984 19549
19093 -19452
19787 18582
-19377 19257
-18871 19126
-18459 -19953
-18655 18789
-19388 19228
19467 18915
19462 -19818
-20165 19796
18895 -19014
19105 -19684
19114 19517
-19365 18822
-19744 18473
19909 18467
-19861 18860
18926 19159
19772 -20002
-19789 18947
-19486 19054
20082 19211
-19030 -19133
-18975 -18882
-18459 -18647
-18568 -19119
-18592 20021
-18479 -18894
-18577 -18979
-18726 -18273
-18421 -18841
-18818 -19087
-19139 19751
20023 -19671
-19088 18823
-19756 19076
19511 18285
19681 18655
-19458 19467
-19236 -20039
19811 19175
-19605 19459
19709 -20046
-19100 19027
-19644 19180
20126 19135
-18740 -19015
-19148 -19872
-19142 19521
19230 19408
18875 -19162
18562 -18892
19230 -19311
-19981 19520
18770 19444
19304 -20042
18949 18961
-20060 19039
19059 18444
19555 18674
-20151 18554
19000 18452
19943 18756
-19647 19126
-19524 -19912
19546 18862
19433 18978
-20090 18335
18951 18881
19211 19198
18778 -19955
-19799 19068
19676 19058
-19035 18278
-19961 18885
19640 19164
19423 -19744
-20127 19681
19824 -19037
-19022 -19601
-18899 19610
-18529 19733
-18461 -19348
-18751 -19299
-19105 19771
20051 -19560
-19172 19597
-19370 -19034
19925 -19705
-19571 19460
19374 18861
-19534 18372
18788 18889
19397 19034
18917 -19983
-19828 18920
19672 19895
-18931 -19540
-18845 -18782
-18351 -18499
-18649 -19364
-19413 19451
19510 19334
19382 -19916
-19449 18930
-18797 19134
-18614 19077
-19124 -19519
19256 -19672
19030 19660
18947 19211
-19294 -20072
-18792 19492
-18449 19059
-18475 -19820
-18879 19663
-19130 -18862
19174 -19243
19110 -18802
18961 19271
-19920 18750
19151 18634
18811 18955
18533 -19778
19229 19552
-19348 -18820
-18806 -19366
-18555 -18646
-19250 19506
19281 -19383
19015 19362
19117 -19487
-19477 18938
-19660 19059
19660 19232
19332 -19344
-20055 -18759
19211 -18860
18872 -18953
18602 19981
19060 -19585
-19189 -19219
-19087 19761
-18988 -19379
19339 19364
18822 -19474
18264 19748
18872 -19254
19109 -19509
-20112 19922
19193 -19719
19400 19600
-20007 -19357
19199 -19169
19068 20048
18340 -19595
18824 19649
19291 -18902
-19771 -18982
-19232 -18412
19869 -18638
-19470 -18588
19677 -19167
-19173 19437
-19521 18894
19684 18427
19404 18814
-20094 19122
19470 -19320
19056 -19187
-20023 -18596
19233 19519
18839 -19547
18688 19495
18906 -19716
-19962 18992
19126 19693
19733 -19459
-19621 -19538
-19355 19250
20181 18987
-19382 18777
-19363 -19767
19611 19657
18596 -18975
18494 -19169
19402 -18844
-19523 19842
-19458 -18819
19296 -19104
19015 -18840
19053 19996
-19479 -19269
-18673 -19571
-18688 19658
-19176 19149
19307 -19975
18938 19184
19164 19064
-19639 18992
-19115 -19357
19826 -18785
-19498 -18543
19333 -18523
-19625 -18660
18992 -19108
18997 19206
18417 18821
19571 18518
-19490 19332
-19267 -19298
20102 -19062
-19167 -19048
-18760 19480
-18790 19327
-18883 -19489
19882 -18795
-19511 -18344
18927 -18988
19266 -18794
18630 19738
-19766 -19766
19599 18908
-18800 19618
-19252 -19493
-19010 -18899
19205 -18352
18705 -18933
18618 -18892
19259 19847
-19505 -18977
-19522 -19279
19795 -18910
19108 19277
-20144 18939
19288 19134
19626 -19552
-19883 -19181
-18849 19990
19694 -19045
-19391 -18824
19318 -18717
-19507 -19092
18969 19493
18839 18734
18764 18646
19001 19184
-19687 -19933
19446 19071
-19335 19003
19434 19006
-18892 -19438
-19022 -19674
-18647 19487
-19200 19564
19754 -20180
-19429 19385
19645 19514
-18992 -19766
-18991 -19218
-18461 19340
-19201 18903
19943 18983
-19168 -19805
-19565 18979
19557 19063
18799 19193
19332 -19434
-19406 -19351
-19592 20105
19687 -18993
19196 -18975
-19717 -18159
19281 -18962
-19336 -18998
19444 19330
-19566 18955
18879 18467
19015 18446
18258 18834
18782 19145
19423 -19655
-19618 19259
-19455 -19324
19753 19317
19139 -19550
-20016 18871
19795 19844
-18886 -19423
-19879 -19657
19730 19640
19156 19293
-20013 -20029
19851 19119
-19312 18940
-19301 18446
19374 18634
19018 18650
19037 19396
-19199 -19772
-19049 -19111
-19088 20105
19580 -19283
19214 -19403
-19890 19450
19730 19022
-18862 18823
-19125 -19486
-18769 19248
19213 -19300
18927 19281
19159 -19518
-19294 18691
-19639 19091
19461 19309
19433 -19413
-20078 -19439
19027 19874
19090 -19065
19008 -18855
-19253 -18591
-19061 -19047
-19037 19753
19912 -19431
-19350 19568
-19166 -18772
19872 -19370
-19784 -18763
18748 19682
19722 -19554
-19545 19567
-18809 -19029
-18497 -19657
-18523 19370
-18642 18896
-18481 18371
-18588 18623
-18476 18410
-18830 18982
-18886 18795
20142 -19766
-19501 19198
-19045 18852
19734 18667
-19647 19210
19608 -19367
-19203 -19498
-19430 19945
19384 19221
19019 -20025
18985 19030
-19900 18799
19073 18780
19222 18761
18689 -19648
-19851 19441
19026 -19391
18986 19528
18253 -18801
18900 -19250
19215 -18957
-19232 19137
-18857 19097
-19064 18968
19744 -20065
18933 19534
-19665 18963
19477 -19719
-19507 19488
19715 -19683
-19375 19124
-19581 18954
19526 18428
19721 19628
-19436 -19438
-19286 -19247
19857 19470
18955 18817
-19741 19122
19870 -19933
-19471 -18663
-19320 19692
19695 -19549
18738 19769
18414 -19339
18635 -19017
18493 20024
18794 -19090
18929 -19002
-19967 -19044
19537 19820
19430 19202
-19619 -20079
-18553 19238
-18754 19014
-18788 18906
19932 -19837
-19260 -19027
-18810 19688
-18648 -19515
-19075 19688
19522 -19144
18637 -19616
18706 20012
19237 19099
-19480 -19744
-18611 19508
-18805 -19817
-18802 19606
20019 18842
-19358 -19656
-19414 19522
19444 -19632
18987 19337
18770 18779
-20054 18630
19384 19060
19332 -20018
-20124 19144
19473 19142
18750 18900
18680 -19769
19007 -19154
-19371 20051
-18557 -19300
-18806 -18814
-18640 -18422
19806 -18760
-19733 -18320
19115 -18932
19202 -18780
18687 20009
-19894 -19380
19118 -19505
18841 19879
18409 18979
18738 -20221
19105 19671
-19468 18866
-19093 -19990
-18613 19428
19845 18926
-19266 18422
-19180 18330
-18549 19012
19512 18546
-19470 -19563
19609 19532
-19356 -19548
-18877 18971
-18481 19136
-18583 19265
-18660 -19483
-18535 -19054
-18600 19809
-18592 -19856
-18500 19289
-18786 19436
-19008 -19835
19623 -19312
19362 19795
-19797 18826
-19242 -20084
20072 19576
18657 19288
-19749 -19675
19878 -19000
-19499 -18530
-19244 19373
19688 -19416
19068 19463
18685 -18834
-19682 -19301
19744 -18444
-19110 19571
-19721 -19531
20111 19811
18950 -19404
-19761 -19149
19657 19821
-19635 -19659
19220 18862
19214 19288
-19516 18669
-19009 -19930
-19037 19086
19344 19168
18984 -20162
18896 19482
-19358 19520
-18918 -19852
-18361 -18538
-18745 -18726
-19058 -19035
19578 19531
19357 18799
-19972 18548
-18938 18400
20132 18977
-19613 18692
-19255 -19678
19484 19799
19124 -19597
18482 -19156
-19369 20063
19470 -19277
-19789 -18901
19381 -18503
19460 -19137
-19639 19681
-19544 19153
19937 -20083
18734 19320
-19767 18726
19839 18875
-19419 18470
-19462 -19567
19690 19511
18773 -19790
18356 19322
18879 19159
18825 -20169
-19845 19304
18993 19645
19137 -19928
18727 -18824
-19296 20035
-19138 -19338
-18502 -19252
19736 19710
-19807 18793
19535 18392
18970 18576
-20071 18739
19498 19138
19437 -19630
-19625 -19003
-18905 19616
-19083 18667
19706 18792
19171 18998
-19854 -19558
-19018 -18667
19357 -18633
19132 -18991
18659 19752
-20030 19091
19785 -19484
18897 -19008
-19922 -18639
19333 20105
18928 -19605
18901 -19140
-19705 19728
-19331 18553
19760 18789
19161 18691
-19948 -19923
-18824 19301
20006 19174
-19730 18518
-18937 -19830
20157 19260
-19781 19111
-19191 18828
19639 -19448
18961 -18989
19020 -18849
-19949 19398
-18706 19115
19589 18604
-19500 -20022
19458 19656
-19618 19094
19249 -19500
18907 -18977
18614 -18973
19146 19182
-19467 19077
-18570 18937
-18719 -19770
-18961 -18841
20101 19854
-19508 -19793
-19350 19301
19961 19364
18914 -20086
-20108 -19108
19386 19896
19200 -19851
-19898 19553
-19072 19151
19533 -19519
19069 -18602
18642 -18699
-19540 -18573
19473 19605
-19632 -19385
19031 19408
19282 -19587
18643 18962
-19736 19204
19633 19087
-18909 -19083
-18942 -19089
-18549 -18759
-19289 19737
19378 -19810
19180 19216
-20202 18687
19480 18761
19448 18976
-19290 -19805
-18975 19037
-19051 19144
19556 18715
19312 -19964
-19370 19248
-18902 19432
-19074 -19324
19211 -18990
19166 -18832
18642 19934
-19555 -19534
19427 -19089
-19445 19749
18967 -19444
19081 19478
19065 -19444
-19268 18790
-18836 19204
-19314 19368
19423 -19435
19328 -19395
-20015 19903
19091 -19744
18803 19157
18715 19375
18933 -20096
-19846 18837
19626 19229
-19051 18930
-18916 -19864
-18265 18979
-18760 19008
-18435 18409
-18658 18441
-19348 18788
19553 19081
19395 -20023
-19486 19460
-19482 19338
19540 -20077
19325 19045
-20282 19219
19508 19096
19030 -19540
-19901 -19455
19537 19371
-19615 18858
19105 19076
19288 -19219
-19910 -19048
19492 -19110
-19419 20030
19528 -19286
-18833 -19415
-19270 20206
-19068 -19051
19070 -19680
18882 19925
19289 -19476
-19593 19346
-19131 -19600
19970 19046
-18851 19919
-19172 -19525
-19218 -19651
19352 19451
19375 19507
-19871 -19286
19593 -19113
-19691 -18751
18835 19664
19076 -19603
18211 18737
18821 19224
19305 18966
-19854 -19610
19678 19571
-19787 -19614
19145 18913
19501 18798
-20195 18384
18812 19557
19807 -19065
-19841 -19555
19540 19725
-19502 19551
19647 -19676
-19184 -19176
-19765 20079
19483 -18942
19567 -19765
-19516 19430
-19353 18925
19296 18996
18926 -19108
19015 -19027
-19386 -18830
-19392 19607
19979 -19662
-19050 18755
-18808 19143
-18597 19069
-19274 -19302
20095 -19763
-19150 19471
-19487 19421
20133 -19399
-19156 -18740
-19057 -18508
-19014 -18631
19344 -18804
19726 -19232
-19758 19883
-19045 -18984
19811 -18933
-19681 -18210
19733 -19030
-19079 -18956
-19337 19675
19934 -19628
-19749 19494
18865 -18914
18815 -19539
18654 19257
19527 19027
-20103 19192
19263 -19915
19419 19094
-19445 19645
-18820 -19459
-19254 -18826
19286 -19141
18860 19269
18513 18864
18552 18330
18647 18887
19255 18938
-19187 -19664
-18885 19597
-18514 -19675
-19406 19077
19464 19651
19622 -19529
-19432 -19628
-19275 19327
19746 19087
-19357 18838
19383 -19987
-19440 19050
18702 19143
19205 19090
19093 -19002
-20019 -19030
19017 -19427
19377 19478
-19823 19428
19316 -19195
-19321 -19101
19353 -18776
-18795 19744
-19211 -19672
-19036 18867
18945 19686
19003 -19978
19275 19671
-19363 -19662
-19066 18993
19695 19667
-19492 -19492
19264 -18685
-19124 -18760
19148 -18855
-19114 19748
19212 -19617
-19258 19595
19440 -18836
-18688 -19662
-19086 20154
-19532 -18692
19262 -19190
19283 -18945
-19689 19812
19628 -18865
-19587 -19198
19201 -19037
19494 19472
-19570 19607
-18812 -19470
-18702 -19343
-18794 19831
19712 -19918
-19799 19459
19387 19160
19303 -20077
-19500 19157
-18732 18935
-18675 18544
-19168 19197
19639 -19655
19253 -19140
-19522 20131
-18818 -19513
-18416 -19028
-18679 20005
-18555 -19541
-18492 -19412
-18830 19614
-19011 19105
19427 18582
19006 -19585
18799 19430
-19270 -19387
-19185 19504
-18769 -18896
19881 -19281
-19070 -18821
-19182 19813
-19088 -18991
19477 -19043
18730 -19042
18714 19507
19235 18752
-19824 18638
-19070 18400
19966 18750
-19435 18919
-18829 -19414
-18520 -18716
-18461 -18694
-18780 -19125
-19003 19416
19754 19018
19143 18834
-19641 -19379
-18451 -18891
-18816 -18900
-19067 19616
19914 19092
18786 -19603
-19656 -18698
19494 -18444
-19503 -18847
19111 -18829
19259 19389
18586 19077
-19786 18697
19784 -19781
-19388 19139
-19255 19122
19484 18818
18948 -19369
19055 -18938
-19389 -19092
-18639 19915
-18657 18874
-19207 -19699
19895 19464
18923 -19686
-19985 19560
19480 19043
18794 -20183
18480 19148
19250 18847
-19636 18597
-19343 19160
19770 -19788
19237 -19014
-19496 20026
-18858 -19360
-18367 -18708
-18992 -18675
-18677 -19113
20031 19710
-19612 19207
-19038 -19511
20036 -19080
-19290 -18560
-18895 19705
-18337 -19976
-19048 19637
-18863 19198
19976 -20270
-19479 19508
-19221 19348
19846 -20264
-19830 19690
19155 19364
19385 -19449
-20078 -18812
-19235 -18446
20112 -18541
-19636 -18943
-19222 -18542
19486 19674
19021 -19420
18954 19289
-19720 -19193
-18825 19185
19693 -19380
-19705 19324
19683 -19418
-18954 18760
-19747 19109
19630 19146
19640 -19991
-20114 18919
19279 18947
19427 19123
-19664 -19520
-19368 -19474
19612 19558
18575 19282
18668 -19391
19080 -19137
-19453 -18753
-18702 19755
-18701 -19790
-18837 19302
19787 19586
-19823 -19912
19062 -19290
19850 20144
-19827 -19400
-19273 -19773
19390 19734
18698 19019
18423 -19903
18748 19794
19206 -19417
-19756 -19140
-18939 19770
19873 -19579
-19657 19552
19754 -19109
-19410 -19575
-19461 19776
20189 19464
-19852 -20052
19090 18869
19221 18832
-20117 18477
19065 18586
19099 18743
19122 19079
-19765 -19229
-19257 -19150
19876 -18779
-19663 19616
19739 -19559
-19103 18830
-19622 19204
19393 18932
18903 -19971
19330 19041
-19380 19338
-18782 -20039
-18553 19691
-19205 -18768
20108 -19054
-19394 -18277
-19458 -18722
20057 -19296
-19624 19169
19753 19062
-19207 18902
-19473 -19948
20134 18939
-19005 19058
-19758 18277
20088 18796
-18939 19194
-19172 -19196
-18868 -18999
19942 -18981
-18973 19270
-19026 18756
-18285 18740
-18858 19174
-19337 -20035
19615 19167
19300 19751
-20072 -19721
19222 -19241
19752 20029
-19655 -18999
-18585 -19043
-18599 -19058
-19374 19362
19449 18733
19458 18548
-19972 18652
18840 18542
19345 18743
18759 19148
-19720 -19200
19634 -19068
-18930 -18947
-19009 19727
-18552 -19570
-19334 18772
19074 19072
19091 18680
19259 19240
-19185 -19927
-19724 18722
19606 19272
19370 18837
-20248 -19852
19273 18870
19354 18963
-19998 18762
19038 18945
19078 -19733
19130 19307
-19516 -19318
-19420 19471
20092 -18595
-18929 -19323
-19104 -19259
-18996 19169
19809 19660
-18719 -19219
-19220 -19013
-18993 -19126
19801 19180
-18892 19278
-19178 18887
-18841 -19830
19790 19532
-19620 -19537
19605 18883
-18787 19800
-19236 -19587
-19316 -19726
19050 19241
18894 18998
18462 18925
18854 -19961
19048 19348
-19914 19313
19129 -19803
18829 19562
18425 -19723
19326 19012
-19517 19763
-19444 -19575
20104 -19338
-19039 19798
-19457 -19409
19398 19645
18940 -19125
19032 -19042
-19062 -18268
-19123 -18810
-18994 -19261
19695 20035
-19523 -19489
18800 -19228
19302 19814
18929 -19700
-19983 18791
19220 19042
19420 18356
-19402 18750
-18870 19331
-18396 -19231
-18855 -18970
-19100 -18320
19560 -18801
19389 -19054
-19678 19259
-19324 19108
19696 18797
19307 -19681
-19612 19846
-19434 -19527
19648 -19161
19305 19796
-19576 -19652
-19268 19564
19874 -19211
-19081 -19475
-19240 19723
-18759 19424
19585 -19416
-19516 -18942
19596 -18887
-18990 19263
-18890 19014
-18702 19009
-19114 -19929
19821 18879
-19884 19251
19195 18892
19483 -20002
-20377 19346
19332 19347
19463 -19970
-19865 19226
19837 18953
-19187 18397
-18697 18710
-18740 18630
-19084 18423
20019 18806
-19228 18926
-19362 -19794
19426 19692
19010 -19142
19010 -19658
-19865 19529
18945 18890
19263 19152
18595 -19275
-19686 -18884
19837 -18230
-19384 -18938
-19282 -18784
20118 19594
-19174 -19517
-19760 19472
19923 -19614
19068 19363
-20214 19668
19224 -20234
19572 19174
-19891 19559
19458 -19641
-19442 -18738
18724 -18584
19180 -18415
18927 -18838
-19070 -19149
-19016 19937
-19161 -19204
19624 -18803
19075 -18425
-19714 -18576
19431 -18592
-19420 -19268
19578 19485
-18955 19365
-19157 -19375
-18178 -18936
-18818 -19295
-19231 19270
19303 18689
18935 18654
19165 19333
-19800 -19691
-19026 -19162
19672 20039
-19620 -19008
19577 -19317
-18856 -18755
-19220 19733
-18960 -19646
20022 18986
-19072 19845
-19477 -19482
20125 -19138
-19085 -18939
-19729 19829
19891 -19166
19248 -19022
-19639 -18068
-19339 -18966
19657 -18989
19325 20090
-19554 -19531
-18636 -19142
-18751 19763
-19039 -19728
20101 18871
-19371 19234
-19330 18634
19472 -19862
18743 18816
18662 19157
18827 18985
-19694 -19466
19535 -18809
-19554 -18464
18934 -18788
19220 -18945
18667 20011
-19542 -18926
19453 -19213
-19354 -18563
19699 19724
-19267 -19523
-19475 19504
20093 -18708
-18981 -19154
-19034 -19386
-18277 19421
-18759 19261
-19223 -20032
19502 19202
19445 18949
-19620 18521
-18797 19154
-18275 -19531
-18827 -18656
-19094 -18776
19613 -19113
19323 19416
-19579 18809
-18861 18632
-18304 19200
-18911 -19351
-19016 -19162
19374 -18689
18695 19479
18364 -19250
18795 19184
19232 -19251
-19815 19380
-19258 -19537
20054 19151
-19100 19548
-18959 -19281
-18576 -19071
-19097 -18669
20024 19682
-19252 -19654
-18810 19350
-18707 19144
-18888 -19875
20101 19578
-19178 -19454
-19360 18945
19579 19310
18952 18698
19221 -19789
-19396 19755
-19407 -19387
19728 -19377
18975 19441
-19957 18857
19092 18376
18701 18802
18781 19162
18768 -19877
-19815 -19041
19641 19719
-19034 -19577
-19212 19822
-18856 -19523
19229 -19141
19098 19916
19078 -19619
-19217 19629
-18869 -18999
-19064 -19147
19500 -19015
19467 19367
-19499 19434
-19431 -20260
19826 19505
19331 19259
-19876 -20121
-18892 19523
19955 18780
-19189 18715
-19201 18644
-18451 -19596
19495 19601
-19540 -19830
19702 19399
-19240 19283
-19706 -20321
19272 19179
18966 19591
18772 -20015
-19519 19175
19234 19104
-19217 18658
19160 -19916
-19193 19248
19275 18835
-19286 18737
19271 19082
-19327 -19872
19513 19641
-18814 -18811
-18961 -19042
-18427 -18484
-18620 -19493
-19405 19107
20137 19036
-19528 19082
-19329 -19618
19426 -19279
18780 20194
18485 -19367
18471 -19306
18956 20135
18704 -19595
-19745 -19245
19678 20159
-19183 -19315
-19129 -18802
-19049 -18796
19677 -19032
19381 19972
-19691 -19277
19495 -19397
-19287 19489
19681 18776
-19175 18380
-19453 18941
19966 19028
-19692 -19876
18914 19741
18933 -19238
18435 -19494
18570 19536
18667 18909
19301 18437
-19541 18670
-19358 19292
19710 -19752
19295 -19268
-19568 20040
-19258 -19352
19326 -19502
19048 19556
18895 18984
-19993 18671
19424 -19637
19402 19666
-19486 -18851
-18714 -19319
-18588 -18764
-18548 19629
-18780 -19551
-18903 19669
19699 -19109
-19653 -19603
19805 19381
-18919 19011
-19650 19073
20211 -19299
-19204 -19653
-19645 19419
20077 18580
-19137 18651
-19174 19290
-18787 -19827
19845 -19128
-18950 19884
-19124 -19550
-18951 19530
19398 -18962
19572 -19069
-19384 -18267
-19822 -18859
19576 -19152
19135 19709
-19968 -19567
18951 19671
19247 -18996
18658 -18992
-19719 -18356
19714 -18808
-18916 -18401
-19626 -18698
20170 -19285
-18809 19232
-19332 18922
-18733 19193
19662 -19612
-19673 -19456
18810 19964
19186 -19913
18920 19034
-20042 19653
19232 -19477
19757 -18652
-19617 -18573
-19167 -19049
19845 19907
-19511 -18952
19418 -19212
-19230 -18739
19265 19560
-19236 -19316
19414 19290
-19436 -19339
18635 19444
19155 -18575
18381 -20149
18681 19151
19541 19952
-20090 -19509
19101 -19270
19112 19234
18801 19116
-19875 18601
19094 -19710
18994 19626
18260 -18999
18905 -19737
19056 19619
-19846 19484
19746 -19341
-19177 -18674
-19410 -18680
19482 -18835
18996 19694
19158 -19453
-19237 19497
-19115 -19138
-18870 -19678
19941 19676
-18905 19326
-19823 -19988
19485 19928
18683 -19354
18646 -19481
19219 20097
-19362 -19065
-18797 -18921
-18799 -18454
-18908 -18779
20059 -19250
-19341 19440
-19437 19532
19660 -19851
18569 -18950
18883 19745
18686 -19412
-19575 19250
19405 -19382
-19462 19431
19710 -18949
-19135 -18986
-19851 -18386
19215 -18490
19118 -18766
18960 -18998
-19743 19746
19853 -19068
-19373 -19206
-19230 -18850
19825 19273
-19581 18934
19520 18382
-19084 18506
-18796 18853
-18671 19144
-19171 -19303
20052 -18954
-19259 -18366
-18812 -18873
-18657 -18738
-18907 19768
19699 -19632
-19590 18954
19767 19268
-19396 18900
-19458 -19155
20284 -19076
-19348 -19004
-19422 19815
20035 -19881
-19358 19534
-18987 19298
-19031 -20014
19629 19290
19539 18892
-19682 18708
-19104 18902
19252 -20211
18999 19706
18859 18895
-20035 -19778
19420 19848
19657 -19346
-19867 -19256
-18869 19497
20136 19030
-19365 18774
-19370 -19489
20062 19425
19057 -19326
-20176 19698
19665 -19125
19258 -19653
-20241 19755
19462 19322
19525 -19320
-20017 -18799
19425 -19019
18875 19492
18640 18508
19014 18903
-19533 18823
-19340 -19745
19596 19836
18692 -19492
18830 -19128
18656 19984
-19862 -19281
19757 -18732
-19410 -18654
-18929 -19100
19821 19596
-19852 19419
19153 -19729
