0 0
-18357 10238
-18019 -21092
-17011 -15907
-20858 -21614
-24301 -25030
16152 14148
-22201 -17478
-18410 23167
-13640 16047
23620 20913
13047 14888
-20846 -23340
-17177 -12315
-19873 17430
-14562 -22153
21246 -16911
19693 -19876
13441 -14459
-18499 21307
21886 16535
17186 20550
19250 12920
14697 -16165
-21421 17963
-18414 -22143
-16098 -17512
22447 -18775
13996 -18743
-17919 -18480
21482 -18455
17334 -19679
19442 -16064
15604 21398
-20765 15159
-17769 -20912
-18815 -17715
-18860 -18354
-17529 -19625
-19433 -14585
-15275 18663
18772 -21244
-20799 -17938
-17801 -19533
-18801 -15636
-17551 21917
-18853 16196
-17491 -20425
21078 -18476
15698 -16932
-19899 20371
-18700 19054
-16445 14952
18607 -17700
-20553 18601
-18699 -18842
-16571 20340
19629 17916
18273 18466
18742 17930
17562 19114
-20362 17093
-18634 -19580
-17166 21470
19830 17424
18094 -18738
18135 20572
18667 17304
18306 -19468
18494 -18448
18557 -17303
17935 19110
-19584 -19791
-19004 20362
-17187 17574
18851 -19024
-19160 20060
19442 -20276
-19571 -18676
19276 20462
19134 18007
17668 17828
-19330 18238
19676 19223
-19421 18150
20246 -20006
18655 20049
18919 19188
18633 -19683
-19557 -18326
18728 19661
19070 -19157
17861 20138
-18868 18336
-19053 -20067
-19056 18637
17988 18849
18965 17492
19199 18507
-19100 18706
-19070 18546
19814 18944
-18724 -18898
-20083 -18570
19707 -18367
19611 19542
-18840 -18543
-18203 -18017
-18792 -18671
-18924 -18382
19901 -19386
-18767 19365
-19224 19125
19167 -20319
18400 18294
19520 19263
-19106 18551
-20072 18230
18852 19380
20580 -19596
-19947 19456
18135 -19433
18360 18925
19024 -18042
-19070 -20162
19622 19161
-17149 -18089
-20694 -18537
19076 -17871
18680 -18886
19247 -18463
-19082 -19582
-18672 18647
-19408 18672
19368 18958
19433 -19510
17916 19479
20128 -18429
-18063 -20583
-19476 19616
18704 -18985
18701 18966
19353 -19164
-19103 18918
-19016 -18144
-18808 -19580
-18569 19269
-19680 19857
18689 -19448
19061 20097
19094 -19442
-18076 18736
-18886 -18281
-19658 -19459
19832 19841
-19488 -19262
18600 18364
-19458 18542
-19421 -19547
20266 19472
-19792 -18547
18836 -19334
19016 -19771
18687 19129
19459 -18912
-19521 18084
-18797 19286
19461 -20058
-19132 19761
-18980 -19243
19750 18973
-19654 19008
18439 -19233
19207 19179
-20206 -19605
19310 19633
-19324 -18111
-19194 -18968
19812 -18406
-19220 19384
-18548 19289
-17746 -19514
-19063 19143
19029 -20073
19023 19222
18351 18986
18344 18509
-19495 -19324
19464 -20040
-18943 -17915
-19492 19569
-18997 -19585
19247 18942
-19524 -19221
-19157 -18079
-17609 -17928
19218 -18072
-19696 19635
20211 18558
18725 -19103
-19640 -19000
-18484 -18208
-18093 20097
-18476 18438
20112 -20019
18472 -18621
19002 -18235
18002 -17769
-20161 -19179
-18395 -17718
20074 19978
19049 -20551
17738 -16884
-19607 19521
20485 -20100
18837 -18075
-21048 -19416
-17755 -17013
18978 19221
-18784 -19176
19583 20263
-19750 18553
-17857 17448
-18587 18588
-18471 17674
20558 -19950
18701 -17999
18371 -18206
17495 -18416
19562 -18122
17078 -17811
-19741 -18650
19886 -18700
17941 -18315
19373 -17699
16711 20884
-19223 15953
19823 -17980
18581 19599
18862 -21328
18726 -15655
17781 17554
18970 -20264
17902 21263
-20929 17187
-16952 -19547
21431 -18978
16987 -16966
-20197 19301
-18067 -20853
-18855 -16524
-17788 20592
-19791 18237
-15873 17201
18238 -20295
-18855 -19483
20689 -16420
19364 18095
16708 -18434
-18680 19119
20435 -20735
18480 -17907
18142 -17650
18774 -19334
16054 -16515
-19301 18819
20545 -20719
18980 -17111
16493 -18303
-21220 -18796
-18979 -17372
-16527 21428
18560 17074
-22385 -20404
-15810 -16595
18191 21186
-19398 16682
20961 -20616
18525 -18213
16037 -19876
-20567 -15350
-18252 18389
-19031 -19089
-18038 20310
-18676 18687
-16942 15812
21782 -20395
15068 -19641
-16910 -15832
17714 18930
-18076 -20482
18584 -19741
-19342 -15588
22574 18638
16001 -21067
-18520 -17546
19039 -18812
-21835 -15972
-17406 17922
21624 -18260
15387 19478
-19309 -20854
21191 -18355
18233 -20025
18824 -15859
17707 17539
18943 -18062
15986 18044
-17979 -18562
19079 19563
-20399 -21534
-18064 -17301
-19580 21350
-15887 18764
19007 19028
-20002 16074
21954 -19087
15635 20054
-18819 19340
19791 16317
-21102 -18074
-18141 18035
20494 -18348
15966 18106
-19495 -18041
21286 19363
16908 -21662
-19919 -17319
-18045 19560
-17925 -20382
-19257 -17711
-18507 19336
21555 -21475
16574 -16846
-19195 19863
17983 -21028
-18487 -18452
18786 -18100
-18863 -19483
19639 -16813
-21002 19408
-18201 -20343
20825 -17403
17645 20080
-20417 -20542
-18127 -18831
20805 -17701
17180 -18361
-19358 -18367
19121 -19101
-20539 -17352
-18961 19393
-17867 17661
20134 19122
18484 16577
18735 -18924
19253 18823
17524 -19997
-20313 20604
-18591 17785
20698 -20415
16942 -17394
-18720 18804
19946 -18938
18718 18938
17983 -18868
-20097 19628
-17915 -19940
-19186 -18568
-17399 20273
19226 17913
-19450 -20340
20230 -17352
18673 18486
17319 -19894
-19284 20105
19362 17999
17142 -18492
-18710 19562
19130 -19256
-19207 20504
19870 17578
-20458 -18751
-18336 18901
19995 -19322
-19887 18952
-17488 -20399
19758 -18379
17957 20500
18672 18674
18204 17468
18639 -19356
18041 19552
-19605 -19399
-19216 19006
-18528 18908
19555 17396
17506 -19774
-19100 18711
18960 19661
-19024 17584
19395 -19414
-19976 20050
-18238 -19273
19727 -19289
18201 -18304
18359 20032
18697 -19715
18356 -18830
17703 19695
-19803 18253
19683 -20115
19542 19853
17713 18272
-19105 -19380
19534 -18317
18924 -18159
17958 19794
18682 18357
17932 18426
-19239 19096
-17851 17899
-18882 -19038
-18052 19868
19418 -19313
18562 -19024
19301 -17947
-19548 19741
-18703 17897
-18466 -19462
19523 20240
18988 -19265
17971 -17532
-19336 18859
19322 -19174
-19602 19423
20044 18774
18035 18268
-19781 -20202
-18873 -18513
20557 18958
17792 -19125
-19017 18538
18641 -18176
-19607 18823
19322 -18193
18574 19424
18856 -19728
-19427 -18878
-18829 -17952
-17988 -19226
19930 19598
18461 18712
18174 17728
17750 -19655
-19198 19618
19823 -19193
18685 19192
-19545 18894
-18152 18296
-18366 -20090
-19014 19651
-18332 18832
20024 16910
17497 -18491
-19955 19595
19335 -20145
18375 -18294
18068 20813
-20268 18225
-18292 19050
18901 17559
-20024 19309
20067 17822
17803 -19751
-20771 19702
-17718 18389
19283 18766
-19725 -19701
-18432 -18800
-18463 -19260
-17956 -17470
-18300 19576
-18275 -20014
-18447 -17844
-18902 -18041
-18008 -19081
-19548 -17073
-17061 18805
20025 -19608
-20252 20083
-17991 18341
20820 17969
17412 18418
-20522 17849
-16805 -19452
18480 20738
-18939 17155
20078 -18942
-21495 20722
-16739 18707
19487 17504
-20043 -19527
-18339 -18136
-18016 20348
20114 17014
18589 -19602
18467 -18966
16860 -17891
-19363 21223
19820 17314
19327 -19476
16299 20390
-19593 18574
21004 18707
16134 18248
-19575 18687
20682 17746
17539 19306
-20745 16546
-17388 -19097
20987 20016
16906 17937
-18921 18065
19750 19657
19093 16634
15960 -19337
-18862 20656
19128 18358
-21858 18165
-17593 19388
21092 16324
15632 -17683
-19054 19401
19392 -21377
-21172 -16221
-17869 21296
-18666 17207
-18130 -20381
-18874 -15881
-16807 17834
19670 -18959
-21091 19379
-15583 -21614
18433 -16561
-18251 21398
18861 17690
-20042 18174
20655 19331
19943 15682
15638 -19580
-18730 21580
19952 17048
-20442 -20290
-17024 -18030
-18029 -19068
-18993 -17223
-17301 20942
20862 16461
16548 -18644
-20105 19963
-18286 18503
-18879 17729
-16884 -21118
20258 -17443
18802 20894
16679 15868
-20528 -18732
-18230 21283
-18383 15003
-17666 -18327
-19934 18968
-16353 -20789
19583 -18723
19271 -16154
16208 20473
-19401 17108
21154 19229
17711 15382
19069 -18599
17118 18317
-20731 -20783
-17700 -19246
-18987 -15754
-17140 17431
20350 -18435
19349 18478
17280 -18943
-21232 20383
-17097 18587
21558 17055
15457 -20611
-18793 -18441
20842 -19867
18209 -16194
19025 18526
16123 -22420
-19955 -15314
-18983 17734
-16906 -17500
20511 18004
17349 -18725
17757 20017
18870 -22397
15786 -15148
-19665 17723
21153 -19316
16032 19540
-18612 -22249
20913 -15394
18526 18623
18129 -18664
19050 19774
17862 -20420
-22177 -17718
-16148 -18724
18304 -18116
-18045 -18659
20008 -16695
-21677 20420
-16822 18860
20958 18892
16116 18711
-18914 17005
21428 -20104
15578 -19776
-19382 -15804
20785 17468
17817 -18838
19387 18651
15926 -20161
-19135 20578
20856 16702
17082 -20567
-21336 -16635
-16667 19695
20101 19244
-21255 16270
-16445 -18621
20167 19142
17132 -20288
18752 -19042
18166 -17172
-21331 19053
-16671 -19432
19657 -18872
19345 -16401
17106 19492
-21411 -21334
-17969 -17140
-19126 20557
-17751 16439
20535 -18522
18530 20558
18042 18718
-21119 17497
-16599 -19909
17963 -18005
-18238 -18252
18385 -18213
-20027 -18650
21134 -17158
17386 19943
18766 17878
18067 18545
-21274 17679
-16500 -20569
19527 -19020
-20109 -16978
-17701 20819
-19476 16837
-16059 -19829
19097 -17928
-18510 -18244
20397 -19705
18883 -16470
15896 18674
-18928 -19693
19239 20905
-19686 16651
-19195 -20266
-16508 -18863
19879 -17923
17975 -19396
18877 -16717
17022 19251
-20605 -20123
-17691 -19654
21436 -17145
15887 19908
-19486 18637
20713 17508
17208 -20475
-20842 -16239
-15898 18588
17897 -19892
-18068 -17964
18565 -19564
-19121 -16511
20343 20535
18018 17365
19548 19355
16045 16723
-18424 -19178
19602 20530
-18812 18562
19200 17045
-19816 -20605
-18598 -17211
-19508 20813
-17272 17146
18301 -19983
-18649 21041
20325 17716
-20406 -21076
-18424 -17169
-18611 20760
-16842 18236
19363 17490
-20263 -19006
-17315 19742
20062 18732
18708 17880
18281 -21100
-20782 -16797
-18235 19921
20553 -19885
17336 -17772
-18530 -17513
17844 -19297
-18746 -16704
19123 20145
-19412 19164
20101 18280
18175 17878
17924 19502
19146 17602
17830 -18479
-21003 18026
-18022 -19008
21472 18538
16774 -19832
-19240 19923
19316 17729
-20694 -20177
-17906 -18089
20515 20652
16794 17660
-19675 -19544
19654 19879
-20293 18139
-17395 18616
19325 18445
18927 18908
17919 18153
-19623 -21234
-19770 -17438
-17831 19650
21045 -20128
17270 -17210
-19107 19643
19602 18665
-19973 17306
-18724 -18590
-17045 17766
20225 -18205
18714 18758
18310 -19912
-19935 19395
-17859 18928
20736 17823
17003 -20759
-19688 -17737
19909 18697
18706 -19766
18072 -17620
-19843 -18519
-18775 -17506
-17454 18984
18866 -18707
-20327 19455
-16378 -19285
18853 -19638
-19821 -17142
19463 18578
18252 -19436
-19923 19106
-18178 -20428
-18201 -18085
-18228 19241
-18413 18524
-17807 18324
-18259 18311
-17873 18218
-19426 19416
-16961 17107
20376 -18528
-20373 20352
-16428 18365
18145 19089
-19813 17998
20119 -20808
-20651 -17894
-17987 20814
19605 17594
19086 -19301
17445 19792
-19466 17877
19938 18902
19003 16445
16376 -18478
-19890 19146
20188 -19204
18475 19857
17587 -19341
19319 -18617
17362 -17380
-19312 19683
-18282 18903
-17940 18126
20797 -19332
17408 20462
-18963 16181
18594 -18785
-19389 18468
19950 -19948
-20892 20042
-17603 18041
20283 18609
18411 18754
-20675 -20464
-17522 -17682
20383 19107
17459 18550
-18081 18024
19815 -20888
-20708 -16084
-17397 18239
20462 -18587
18095 19624
18364 -21104
18654 -16708
18221 19086
18840 -20049
17111 -18783
-19413 -17737
21156 20873
17741 18025
-20361 -19673
-17826 19848
-19568 18211
-17005 17954
19344 -21420
-20497 -16448
-18155 18117
-18922 -18495
-17635 19596
20647 -20648
17729 -18051
19495 21323
17548 16797
-19983 -18610
-18440 18246
-19064 -19420
-16414 20798
19321 16079
-20559 -17919
-17060 19167
19881 -19427
18559 21325
16883 17598
-19583 19106
21460 17411
16417 -19786
-18981 20248
20842 19260
17874 17172
18864 -21771
16878 -17164
-19702 19355
-17433 -20820
-19021 -18160
-16591 -18277
19272 -19086
-19389 -17732
20572 -19443
18909 -17164
17094 19531
-19442 -21163
20372 -17445
18150 20727
18458 16559
18923 -19466
17664 21418
-19843 16130
-19394 -19074
-16804 20827
19046 17958
-20232 18531
-18688 17209
-16549 19475
18134 15910
-18596 -17811
19072 18814
-21440 -19195
-18013 19842
-18977 18390
-18266 18307
-18528 -20770
-18306 -16445
-18736 18235
-18220 -19959
-18353 20600
-19250 18006
-16800 -20263
20689 -17034
17255 20192
-20837 16165
-16894 -19261
21535 21397
16213 17458
-18103 -20229
19738 -18978
-21914 -16363
-16862 17718
20320 -18697
19229 18543
16369 -20016
-18794 -18762
19238 -16383
-20646 18185
-17381 -18648
21724 19959
16418 -21246
-18445 -16332
19590 18354
-19111 -19311
20897 20083
17431 19606
-20194 17099
-19053 -19538
-17075 20153
20147 16310
18636 -19489
17279 20710
-20354 17432
-18491 -20890
-18580 -18242
-18877 -19205
-17535 -17356
20174 20268
17373 18471
-21497 18689
-16771 18036
19287 19648
-20997 16573
-17062 -18322
19771 19665
19101 -21547
16108 -16015
-17413 18632
18396 -20674
-20376 -18250
21546 -18681
17325 -16996
-20512 21032
-17703 15743
21655 -19629
15979 20113
-19105 18055
19891 19425
-20955 16072
-17211 -18249
20206 19140
18380 -19909
18038 21100
19157 16324
16194 -19152
-19115 20435
20340 17763
18470 -20912
17093 -16391
-19861 19555
-19231 -20250
-15869 -16951
18697 20375
-19511 18527
21982 17975
16097 18495
-19284 18748
21239 17912
16954 -20993
-19738 -16461
-19056 20255
-18184 18525
21003 19755
17183 17219
-21088 -19907
-17024 -17918
19706 -18981
19623 -17128
16383 20565
-19614 17124
22330 -19795
16171 -19000
-19013 -16460
20610 19961
18096 -21246
17508 -16595
-20889 20361
-17188 17392
20715 19426
16793 15915
-21272 -18870
-16137 20698
19005 19047
-21798 15761
-15845 -18376
18624 20683
-21326 18505
-16624 17346
20258 -20529
18926 -18583
17146 -16862
-21448 19999
-16195 18675
18232 15928
-18722 -19014
18567 21398
-19061 16428
20931 -19916
17996 -18873
18959 -16390
17138 20145
-20306 18841
-17037 16819
-19012 -21327
-16801 -15500
19334 18679
-21272 -19164
-17033 20927
21344 16850
15839 -21694
-18961 -16274
20887 18184
16240 -19149
-21044 21226
-16534 16320
20063 -19581
19724 -16978
16228 -18734
-18246 -15097
18749 18426
-19806 -17650
20352 18130
19216 -19448
15766 20656
-18224 18356
19030 17690
-20631 -19977
-18029 -18759
-18698 -16877
-17864 18615
20096 -20461
16313 20908
-19863 17273
20878 19554
16879 16380
-19456 -19008
-18468 20496
-17462 18739
21188 16484
17464 -19401
-20262 20829
-18753 17212
-17572 -19666
19514 -18640
19457 -17053
16424 19529
-18243 -21682
18907 -16057
-18951 18129
20646 -18172
17940 19108
17879 -19015
-20104 20425
-18265 19286
-17748 18875
21025 -21113
16559 -17112
-19242 18891
20175 -19508
17589 20690
19175 17334
17264 -19682
-19011 19457
19471 18893
-20130 17959
-18191 -18685
-17875 19833
-18642 18139
-18094 18237
-18945 17368
-17902 19140
20432 17781
17721 -19872
-20289 21709
-17506 16727
19832 -18849
17677 19775
-20005 19561
20858 18296
16234 -20644
-18571 -18008
18386 19905
-19836 18386
20413 17325
17179 -19683
-18920 -18750
18700 -16863
-19362 19348
19981 -21256
-20340 -16773
-18620 19814
-17640 -20735
20484 -17040
18075 18864
18258 -18202
-21016 18661
-16805 -19991
19355 20467
-19985 18629
-19159 -21173
-17940 -18508
20765 20749
17134 18148
-18947 -19601
18787 -19249
-20688 -16834
19739 18749
18099 -19654
17623 20256
19492 18911
18485 17412
-19165 -18374
19336 19476
-20126 -19284
20787 19801
17186 17192
-19792 17982
19976 18059
17657 -20050
-19173 -18381
18913 21454
-19619 18264
19964 -20412
-20349 -17461
-18415 19149
20565 -19732
17440 -18102
-20638 19969
-18045 19140
19453 17615
18537 -19397
17514 -18410
-19811 -16985
-17785 18180
18831 -19880
-19430 19543
-18141 19162
-18509 17873
-17695 -20553
20099 -18100
-20608 20165
-17484 17889
19652 -19388
-20356 -17986
-18532 -18582
-17608 -19333
19778 -19343
18383 -18556
-21170 19324
-16425 -19646
18587 -18027
-19207 -18049
19323 -19429
-20430 -17127
-16582 18403
18660 -19304
-19817 19044
20160 -20484
17515 -17973
19672 19282
17919 19058
-20042 17310
20304 -19366
17462 19750
-19778 17647
-17875 -19513
-18086 -18428
20083 -17790
18169 19978
18762 18151
18385 17764
18082 18712
18363 17085
-19275 -18094
-18470 18865
-18480 -19703
-18495 20769
19847 17716
17418 -20563
-20037 -17863
-16864 20057
18671 19235
-18365 16832
19564 -19956
-19333 20178
19587 18939
18808 17715
17174 -19860
-20217 -19244
20521 -18512
16847 20529
-18623 17592
17892 -19510
-19272 -19153
19202 -16645
-20161 19005
-18436 -18906
-17576 20652
19695 16716
18162 -17955
18122 18821
-20297 -20248
-16177 20468
18594 18061
-19207 -19782
18645 -17995
-18003 -18883
18960 -17555
-18481 18959
18646 -19186
-18876 19487
19518 -19829
-19722 -17617
-18320 19684
-19196 -19060
20299 -19110
17737 -17490
-18322 19329
19804 -19327
-19587 -19159
20701 -18990
18034 19788
-20266 17835
-18913 -19678
-18785 -17911
-17293 19135
18646 -20159
-19048 20567
20395 18025
17740 -19768
-19475 20067
-18148 18301
-19086 18450
-17843 18262
20193 -20014
17841 -17480
-20458 19314
-18201 -19647
-18132 -16764
-18886 19080
-18162 -20141
-17899 -17998
-18908 20363
-18008 19201
19939 17153
18485 -18961
17635 18806
-19677 -18838
-19364 19277
-17436 -19687
19357 -19039
-20135 -17466
-19201 18858
-18122 -19413
20274 -18568
18247 -17996
19509 20214
18006 18289
-21270 18814
-17422 17893
18740 18606
-20558 17798
-17764 -19573
-18768 -18534
-18229 -18220
-18877 -18191
-17709 19936
20968 18847
17273 17898
-19696 -20413
-17325 -18093
-19285 -17730
-17544 20322
21113 16826
17060 -20056
-18539 -17705
18833 -18814
-19138 -18818
20205 -17372
19170 19774
17039 18592
-18963 16855
19720 -19428
-21126 20066
-16817 18973
19558 17295
18121 -20263
17991 -18588
-20003 -18154
-17482 21000
-19053 16374
-17673 -18641
21122 18646
16633 -19809
-18556 21837
20864 16442
17758 -19683
18243 20148
17754 18221
-20524 18578
-17487 17465
20943 -20941
17720 -16776
-19686 19209
-18500 -20206
-18692 -17914
-19271 -19274
-16895 -17679
19292 21091
-21061 16660
-16341 -20526
19080 -18786
-20610 -16127
-17764 18384
-18483 -20334
-19375 22414
-16627 15764
19127 -19528
-21473 21569
-16367 16155
18514 -19511
-19962 21402
21692 16875
17032 -19310
-21670 -18284
-16040 -18884
18959 -18173
-21865 -19546
-15926 -15427
19840 18577
19039 -18177
16549 17902
-21644 -18396
-15402 18030
17304 -19253
-19222 19096
19702 -19020
-21186 20485
-16500 18211
21339 17298
17085 -19204
-19247 20094
20544 18585
17417 17848
-20683 -20352
-16481 -17768
20690 21060
17291 16616
19278 -19890
17021 -19653
-20412 -16931
-18032 18165
-19000 -19298
-16116 21534
18435 17137
-19746 -21794
21609 -16852
17447 19656
-21340 -21833
-16436 -17674
20566 21487
17740 16060
18277 -18490
19428 18914
16743 -21916
-21315 -15360
-15169 17485
17968 -18981
-18974 19325
19911 -21597
-22303 -16592
-15704 21594
18627 15919
-20254 -19449
21425 20016
15648 17301
-19051 18350
20339 18525
18995 19400
16785 16879
-21814 -19951
-15663 -19355
18353 -16349
-18606 18111
19699 -18839
-21270 20215
-16621 18596
19614 15956
18730 -19387
16971 21854
-20714 15908
-17747 -19052
-18836 19040
-15863 -20469
19574 -18116
-21375 -18308
-15462 -18923
18892 -17335
-18398 20206
19924 18976
-21461 16017
-16096 -19243
18785 20287
-20699 18238
-17067 18228
19187 18990
-20250 16877
-18803 -19743
-16528 -18803
18921 -16871
-20170 20634
-17976 18374
-18040 19960
-19480 16120
-16747 -19712
21402 21312
16658 17045
-18870 -21191
21461 -15841
16390 18713
-20519 -19740
-17302 -18317
-18828 -16871
-17552 20234
21112 17868
17060 18664
-18940 18313
19793 18770
19541 19108
15942 16768
-17750 -19926
18857 -18798
-21236 -16703
-17801 18350
-19716 -18839
-17172 20376
20574 18324
19046 19630
17402 16576
-21405 -19951
-17021 19952
20996 19133
16124 16336
-19528 -19008
22356 20489
15655 18281
-18808 19718
20717 15798
18251 -18249
17981 18043
-21598 -18786
-15797 19494
19269 -19994
-20564 -19355
-18875 -18178
-15713 20704
18472 16988
-19327 -20077
-19368 -18633
-17154 -17717
18534 20830
-20581 19954
-19093 16448
-16249 -19162
19107 18693
-19122 -19687
19511 20732
-20274 17400
-19258 -20821
-18114 -17352
20359 20254
18861 18962
18957 16743
19578 -19023
17114 21211
-18622 16704
20101 -17882
17605 18367
18498 -20165
18030 20551
-20458 17603
-17267 -20430
19192 -16483
-20391 18453
-17390 -18037
19218 19918
18811 -21215
17208 -18822
-19696 -17699
-19075 -19472
-16748 -18148
18978 19710
-18697 -21728
20089 -16525
19623 18299
17183 -19239
-19461 20515
21359 18074
16987 18478
-19924 19294
-18094 18020
-18555 -19615
-19302 -18932
-17878 -17859
20979 -18784
17092 -17272
-20996 19875
-16839 18990
21021 17051
17719 -18779
-20716 19989
-17324 -22186
20297 -15904
17209 18083
-20145 -19332
-17016 18877
18819 -20788
-19806 -17493
-18956 20785
-16927 17252
18050 -20465
-18555 -18562
18976 -16831
-20086 20015
-17938 18372
-19661 17277
-17049 -19752
19137 20164
-20392 19068
20809 17365
17123 -19308
-20165 20975
20797 16687
17597 -18757
-18465 20536
19959 18425
-20652 18532
-17779 18690
-19346 18309
-17559 17968
19864 19338
-20044 17315
-16953 -19180
19903 19590
18919 -20755
18034 -17932
-18881 19680
19999 18532
19028 17651
16663 -20091
-19052 -18247
20217 -17681
-21710 -19229
-16501 -16528
19261 18626
-21211 -18964
-17597 19194
20795 -19088
17160 21407
-20171 17342
21086 -19427
17819 20945
-18788 17413
18813 -20127
-19269 -18556
19492 -18314
18551 -18205
17376 -19131
-19363 -17456
-18642 19122
-18037 -20466
20796 -17746
16801 -18568
-18860 -18251
18487 -18016
-19273 -17884
20155 20114
-20481 18035
-18499 -19587
-17156 -18973
-18846 -17970
-18104 19783
20055 18180
18543 19277
17721 18213
-21602 -20830
-17033 -16811
18164 19697
-19346 -19790
19831 -19570
-19575 -17646
-18209 19209
-17104 -18882
19440 21157
-20290 18478
-17522 -20189
19534 -19464
-20119 -17780
-18023 19656
20861 -20207
17526 -18649
-20750 -16755
-17176 -18912
20284 -17641
17897 19541
-20387 -21279
-17974 -16551
-19204 18100
-17208 -19729
19489 20268
-20761 19293
-17046 16419
20197 -18893
17876 19122
18785 19317
16459 17618
-18438 -20362
19605 -18603
-19622 -18344
20548 -18655
18754 -16876
16343 19653
-17716 -20415
18962 -18708
-18454 -16094
19354 19315
-21387 -19032
-16909 19048
19711 -19272
-20387 -18584
-17920 -18970
-18356 20088
-18528 17099
-17909 -19285
20551 20293
18339 18634
-20531 18598
-17796 17669
-17819 -20572
-19056 -17930
-17510 -19203
20664 -18320
17472 20157
-20270 18774
-18881 18754
-18085 18302
-19135 -20567
-17232 -19358
19986 -17041
17429 18476
17953 -18052
19139 18611
18068 -19173
-21350 18635
-16690 -18710
18970 21125
-19959 17377
-18440 -19731
-19067 -18626
-17852 -16724
19668 19569
-20215 -19141
-18271 21087
-19007 16585
-16427 -19111
20285 18630
-20365 -19229
-17597 20483
20518 18827
19073 17099
17925 -18948
-20471 19539
-17140 -21088
20009 -17549
16829 19670
-19238 18496
19446 18284
17638 18961
19027 17842
17122 -21060
-19553 -16616
19330 18448
-20186 -18856
-19433 20286
-17763 -21433
19824 -16558
18952 18217
17649 -19344
-19743 19945
-18479 -20183
-17601 -18938
20522 -17812
17685 20569
-20292 17086
-17488 -19803
21185 20665
17833 17391
-20757 -19069
-16586 20904
18982 18183
-20186 18878
-18497 16617
-16160 -18362
18708 18920
-19451 -20053
20131 21001
-21372 16517
-17985 -20263
19207 20367
18326 16886
16946 -19348
-18334 19812
17973 18663
-18502 16667
18675 -19079
-18525 20470
19148 17838
-18712 19890
18643 16672
-19066 -19095
19258 19383
-20126 -19891
-17962 -18587
-19021 -19031
-18247 -18328
-18060 19469
19655 18916
-20911 18098
-17585 -20359
19520 -17832
17901 19833
18330 -20572
18596 -17348
19271 19419
17450 -20707
-19223 -17236
19536 19949
-20604 -20172
-19044 -18295
-18050 -19171
20686 -18110
17712 19652
-18683 -20102
18998 -17592
-17974 19671
19876 18237
-20226 18130
-17477 19431
18880 17862
-19336 -18853
20409 19532
18079 -20527
18515 -17551
17793 20506
18901 18470
17992 18266
-20319 18116
-17487 18406
20652 -21466
17604 -17564
-19590 18734
-17811 -20195
19347 -17972
19207 20108
17585 18324
-19453 16036
20934 -18878
17778 19325
-19764 -19730
-18316 -18894
-18903 -17182
-17980 18514
-19277 -19093
-17190 19326
18645 -20658
-19196 -18458
20380 20606
-20087 18535
-17045 17548
19908 -20263
-20694 -17614
-18002 19827
19734 17730
-19898 18772
-19446 18080
-17416 -22040
19334 -17490
-19913 18614
-18956 -18759
-17239 19382
20990 -20052
17654 -18573
-20007 -17937
-18268 -19367
20939 -17320
16694 18642
-19239 -19194
20098 19631
18842 -20158
16729 -18330
-18834 -18261
19480 -19414
-21081 -17193
-17300 -18831
19652 -17956
-19789 20230
-19342 18908
-16932 17924
18016 -20928
-19756 -17422
20144 19218
18588 -20220
16805 20201
-19364 17325
21325 -20411
17918 -17075
-21155 -19156
-16802 -16606
18309 19494
-18876 -19835
19157 -19457
-18406 -16500
18485 18180
-18001 -18012
18846 18417
-19013 -18975
20166 19837
18394 -20806
18393 -18205
18931 19924
17961 19044
-19946 -20633
19904 -17535
18913 19426
17102 18934
-19021 16116
20353 -19345
18105 19427
17974 -20009
19012 -18208
17475 20761
-18982 17471
19604 -19456
-20219 -18211
-17417 -18462
20302 -16785
18677 19084
17995 -18975
-20166 18802
-19098 -20185
-17216 -17678
20006 20429
-20130 17266
-18326 -19170
19862 20267
17668 -20504
18731 -18138
18318 19576
-19724 -19400
-18132 -17800
-19886 -18703
-16771 -19455
19644 -17835
-20411 20129
-17407 18258
20422 -20522
17211 -16214
19736 18496
16924 -18751
-18759 18619
19169 -19108
-18760 18917
19830 -20581
-21388 -18373
-18042 -18430
19963 -17661
19612 -19123
17741 -17305
-19256 18848
20160 -19922
-20787 -18989
-17049 -17267
18687 20107
-18497 18722
18867 17967
-20090 18016
-18344 19773
-19204 17420
-17055 -20359
19627 -18626
-20177 -18006
-17837 -18640
-18948 -16681
-17384 19002
18515 -19671
-18855 19676
19978 19566
-21158 17710
-17004 -19305
19957 -19005
-21314 -17489
-17390 19223
19031 -20267
-20366 21232
-18738 17354
-18277 -18988
21236 20434
18393 18057
-20023 19176
-17523 17123
19316 -20124
18663 21304
17398 16594
-19376 -18761
20472 19650
18522 -21043
-20236 -17250
-16640 19327
19605 18769
-20245 17670
-18147 -17960
21229 18800
17673 -18391
-19679 20599
20938 -19680
17443 -17881
-19931 20711
21260 17544
17798 -19190
-18939 -18033
20654 -18468
18188 20198
19029 17513
17317 19442
-20548 16901
-17862 -18750
20181 19598
18384 -20971
19114 -16724
16750 18770
-19880 -19850
19457 -17669
-20480 -19121
-16085 -17830
18213 20318
-19509 17268
20261 -20929
