0 0
-5946 19170
12467 7457
-9458 -12728
14877 -13948
1084 -17288
-8670 -6428
10657 12378
-11147 -11773
16681 -11564
9941 -7495
-12905 20148
20231 7630
1501 -9507
-16257 10713
-10796 -22795
-12724 -17575
-8049 -16381
-15523 -17133
-5699 -14642
9016 15815
-7268 7863
13971 -14915
-23464 18148
-12575 11403
-14022 -18836
-15649 -11926
-11187 -13025
9459 -20003
-12750 -9146
18854 21522
13209 9795
12776 -15241
-16622 12848
-13063 -17754
-13842 -5078
-11285 14494
-13570 -17492
17598 -9567
10303 20530
-12269 16634
21395 10917
7539 9838
-19756 -20344
-14741 -10604
-5397 14782
16039 21243
-9336 8927
18409 -17913
10948 18235
13605 10480
15977 -11981
12497 10964
9362 -8636
-13261 15788
15733 -11292
-14981 15820
15558 -15484
-15243 16751
-9944 16472
12818 -21123
13091 -9199
13186 14496
16624 -16760
12135 15355
17583 10712
-12551 -17667
22504 -14866
8500 11204
-14726 -9748
8810 19643
-12714 6470
18445 -20862
10716 -15438
-21027 -11481
-11204 14067
15006 -21944
-16646 -10759
20944 10128
9853 -13086
-13087 21390
8361 12135
-17486 -19070
-11393 -12703
7610 13256
-15312 11880
12089 11640
15670 9797
13108 16234
12799 15856
-15253 15263
-12723 12121
16215 12577
-18806 7302
-9925 10331
16700 -17516
7765 12676
11439 -15731
-11103 -12838
15154 16381
15050 19778
18694 14534
14410 15191
-15892 -14078
16878 14528
-14277 14392
-13726 15149
-12076 -17393
-13716 -10534
14026 -17054
17787 -14658
17986 13142
-13792 -15661
-12354 -15898
-16081 14954
-15682 12681
-11444 -17943
13123 13537
11288 14474
8838 -14537
-15215 10844
21098 -8313
-12525 14009
-18130 -13952
11604 13683
-13127 -8439
18403 -13695
-17256 19406
11582 11250
-16235 -14985
-17458 11828
-11423 -20164
-11642 9062
10835 -9762
15111 -13077
-15810 14965
-9415 -11170
12626 13238
-18859 -12987
-11012 17888
-13307 9373
16910 -12212
14932 -14529
-12711 -15035
-11891 -14173
-12181 16406
-14866 13436
15249 -10954
12813 19177
13429 -15528
-10301 10014
-16169 -9775
9854 16734
9644 -14217
12053 -13329
-14335 -14964
-15476 -12113
18026 -13437
9067 -18399
-15808 14180
15570 12762
-13970 -12650
14484 16455
-14629 -12172
16503 14135
-10715 -16873
-19557 -9545
-11531 14714
-19263 -18068
-11466 -9412
17420 -17319
19560 -16210
-17901 -12750
18029 19547
-19282 14607
11217 15436
-14535 -19060
-16708 14965
-13919 -15162
17106 -14028
8592 -16665
-14867 -10724
13431 -13314
14496 -11347
-18892 16351
18555 -17248
9704 -9839
15550 11955
18728 17726
-18655 -16311
-19740 15280
12375 -15620
12040 11441
16429 19041
-18119 10155
-13108 14771
-11386 -12700
-19647 -13548
8057 15989
18061 13362
-13783 15572
-12194 10999
13392 17047
-12680 -14047
9755 -17360
16941 11493
-13153 -13581
-15317 18229
-18319 -15715
-14783 12849
14590 -11869
-12240 -16496
-9981 -11719
18353 11665
-13508 -14855
-14392 17073
-16948 20117
11344 -13311
10226 9441
-16377 14533
15902 -14461
-13798 16777
-15862 -10478
-11804 10251
-15627 13564
16980 -13625
-15857 -12856
19861 18743
-11587 14072
-15176 -12643
14097 12738
-12428 17885
-13476 18746
13492 14720
16065 -12573
13816 13957
16919 -10704
-13765 15153
-13750 -12040
-15386 -14615
15348 -15757
10310 10731
-16945 -11115
-16161 -17223
-12710 -13521
-17028 18004
-17788 -14162
-11706 12611
9666 -12265
10832 12131
-14464 -12832
-11998 10736
-14034 11780
12653 -18440
-12852 -14635
-10150 13407
-9834 -18638
14970 12468
14701 11310
16518 12388
-13650 -21394
-13331 11106
-16215 15602
-11730 13836
18426 -12304
-9341 16554
11912 -13812
-18291 -14139
-12147 -16568
-14607 16549
-18159 15068
14773 -18254
-19840 -10595
-14778 16644
11287 -13264
-15356 16770
18418 13576
12516 -14794
-17067 -15384
18827 -16544
-11559 -14149
-11290 -7621
-12220 -8999
-16342 -9125
-12316 13287
-17797 15184
18004 17822
11665 11581
16583 -13539
9861 15271
18237 -19995
13236 -10418
12754 12684
10617 -13357
-14310 17862
-12175 15421
-14177 15231
18682 8389
5521 -17014
13516 15866
17180 -11299
-8942 -15861
20636 -20422
10782 17441
15212 13163
11296 15513
9687 -13344
-13924 14223
13599 -16021
-15779 -12424
18136 16006
9597 -11803
-14100 -7806
-14321 15055
-12693 14167
10795 12336
15991 17150
14643 12918
-18386 -16930
-8136 -8849
18871 9924
10370 -14671
-14982 11429
18008 -15179
-21074 -8975
-14610 16972
-5791 13579
16535 17344
18258 -18192
11320 15501
-14469 -19394
-12980 16560
16686 14083
13015 9667
16832 -12306
17204 -10325
14612 -16927
-16031 10881
-12835 -19459
15770 15596
8842 16808
12970 13984
13437 -12780
15362 17156
11676 11781
-17792 11532
-15374 13227
-14007 13321
12732 -19174
-16349 -5475
18470 12241
11766 -15887
-8857 17653
12740 -19651
21008 -12076
10668 15856
-16981 -11460
13376 15941
-10990 11316
-15924 6628
-9820 -7878
18575 13202
18653 -13814
10015 17364
-7447 14762
12762 8451
-17716 -13614
11991 -13763
-16620 16231
-11898 9671
-14283 12933
-11818 17718
5516 9562
-15295 -17383
-18594 -10996
16850 9007
10103 -12885
16252 16174
8421 14558
-14182 8872
14337 -15030
-12289 12804
-17794 10143
-11910 -12799
16268 11188
10722 -20611
-20122 -8301
-9983 15459
-14007 -14599
-12381 -13619
8328 -9026
-14834 15987
-9748 -17039
11507 -12053
15825 -14369
12689 -17579
-12122 -10759
17006 14564
-20570 -15795
-9019 -15650
14723 -15592
13383 -11509
11402 -11222
-17100 -17491
-6715 -6530
11633 11415
-13813 -15185
14951 21185
14871 18142
16840 9976
13649 13347
13020 11052
10974 -17767
-15236 -14323
12673 -6041
-13799 14938
20530 17298
5088 11410
-10627 15863
12877 6729
-8540 -12198
15056 17613
14392 -25528
8156 -14497
-11102 12672
10105 -22527
-10360 -4916
21773 14668
1863 -16193
-8353 -14363
13242 -9421
-15333 19001
19366 9764
8186 -12485
-13850 9292
16599 -18185
11295 -9010
-17511 15604
-19041 15199
-11875 -19496
13464 -10100
-13269 14628
15417 -17402
12147 -12070
-10049 -17135
11396 -7940
-17381 13781
12876 13212
-18182 17024
-7216 15363
-17973 -13215
-11151 -10985
8151 -7696
-22702 15522
-14198 14925
16348 6954
10627 13924
-14858 12914
-12459 11108
12849 9935
15001 11912
12054 -9984
-14953 17000
-8295 18229
14371 12148
-13389 9366
15664 16658
5977 -18657
-21613 -18953
-13622 -16156
-10086 -11284
21512 8580
7348 -12558
-16066 11748
15832 -13516
-13855 15657
18733 11011
15784 -13572
5996 -6816
-11342 14504
12638 -9711
7508 16154
-10176 11551
-12035 -9994
-14025 16982
-16898 -14092
13471 19268
12609 12193
8743 -12967
-14478 10282
-9254 -13937
9373 10075
-11910 -12131
12052 18745
-16532 9264
-10808 -20868
11528 -12240
-18531 -9073
20828 17810
7267 -14587
-16695 14450
9568 12547
-12040 15974
9109 12358
-10230 -11727
18698 15004
-16778 12536
-9998 13676
-13093 5683
19247 -14340
16561 -14275
-12065 10136
16013 -19946
5388 -13992
-7334 18267
15592 -15334
-14665 11038
-14163 -10092
-7112 16289
10665 -19569
-11450 -14116
17230 -9481
10035 14319
-18569 -17614
-7678 16755
18412 12803
14429 -18439
16448 -12062
8912 -11178
-17066 13449
15160 -11644
-18982 15582
-10737 8546
17989 14524
10869 -17144
-16495 -10716
15875 -10856
17459 -12919
12862 -11241
-14053 17046
12719 -13789
9175 -13575
-16329 15354
-12054 -12843
13434 7286
-17113 -23738
-10773 -13572
12213 18833
-17356 15637
18151 13687
12670 -16463
19387 -8612
11063 14715
11003 -7234
-16425 17744
-15055 13516
-12230 -9525
14166 12904
-17882 -12535
-9409 10511
15410 16259
11693 13384
10577 -14447
-9711 -15732
13868 -14121
-8077 14299
-12217 -15283
11295 -14316
15108 13332
-16461 10624
-18970 -14177
8649 -20142
-13619 -11467
11690 18848
18335 10241
-17966 -13174
20633 12324
11702 -12244
19862 -12243
-12682 15299
-13366 13946
16117 -20827
12792 -16032
-22803 -8799
-13087 -15456
15433 -15105
12123 -12714
12712 18567
11157 9141
-11448 -21921
18456 -9518
12081 -9110
-12751 -13405
12232 -7642
12713 6600
12938 -16233
16937 -8229
14102 -14836
14655 -13143
17705 -13437
11688 -11785
-18244 -14258
-7653 17198
25852 14793
14119 13611
-15025 -15120
-12287 18950
10850 -10293
12251 -14944
11425 -10199
-8249 18446
13580 14788
-13719 -14696
11017 16079
-14221 14162
-14780 -14145
-16633 -11380
-18925 -6560
-13949 11940
7602 -15995
10389 -9669
-13027 -13271
17716 9669
-12771 15974
11762 15826
17422 19281
16264 -7872
-16373 -15156
14009 -19679
12055 -13827
-9716 5310
-16610 -11867
15598 15392
12320 -11358
-13612 17279
16353 -8770
13794 13906
13942 -15917
-14392 14195
-10580 14670
12839 -14165
12205 -11886
-11107 -13964
13956 12497
-16162 -13100
-14682 16887
-17272 12767
-16323 10420
16046 19846
18211 -15950
16065 -20665
13787 -13657
10110 17985
14684 -19613
19913 16461
16667 16460
10270 -18249
-12244 -12243
11792 -11505
14662 -12408
16925 -14470
-17480 11953
-11726 13048
14052 10938
11664 15387
18652 -18185
15234 -13929
16551 21475
-11472 -17516
11988 -15262
-13273 13675
20509 10369
14473 -12706
13242 11106
-14208 -12547
16105 14472
17636 -12092
9651 -16812
14312 18162
-11825 -15529
15440 -12920
-13906 13872
16666 13888
8389 12782
-14267 -12434
20174 13111
-11002 -7144
-15845 15371
-22021 -15237
-14292 13572
9234 12249
-11782 -9690
11871 22666
-13909 11527
10116 18318
-15307 12523
18741 -15164
-12996 -14233
11487 -18520
-12163 -16480
-8478 11631
20136 -10494
16357 15718
10178 -16053
-16127 16828
19402 16745
10407 15631
-15723 12542
-7593 -10684
-11161 20260
-9826 -15704
13055 14676
-11913 -15012
16991 -12982
13757 -14468
-12607 17618
-9412 -12960
-17174 15110
13572 -16567
-11206 15112
15526 -11431
15737 -15098
11259 -10823
-20717 14502
-19124 -18207
17091 -10088
13584 17429
10402 12037
-12197 -16799
14432 -15625
9172 18746
10053 17250
14237 10458
-15771 -14334
12164 12150
12595 13658
15118 16305
-15824 15651
16084 15658
13813 -12646
7392 17263
-14688 -17780
11187 -14416
15581 -12220
13286 -13163
10520 -9888
-15078 9735
-17894 -13552
-8920 18848
-12561 -20707
12016 -12378
14523 12605
12186 14292
-14088 13689
11521 14850
-16205 13410
-18470 -14065
18297 -16860
13255 13290
14389 13946
11994 16090
-17735 9570
-9653 11498
-17549 15393
11551 -17566
18259 12567
16217 9745
17129 -12236
12779 14665
-20296 -18278
17167 -12902
-11695 21945
17138 14822
14556 -13280
12269 14412
14432 -18600
17570 -18491
9938 -20570
-10736 -15743
16232 -14961
13548 -12830
-17628 -10655
-11196 -12412
18674 -10408
-12460 -17969
-18323 -16785
-15729 13634
14133 14352
-13605 -11131
-14497 -10433
-15877 -9935
16736 -13321
11551 -10108
-11930 -14329
12885 16005
-13088 9565
-10457 -15931
-11729 -16609
12539 -11325
-10578 -13303
10470 -13013
-13864 10629
9197 -15909
-14343 11698
16038 -19881
-14665 -12157
14455 -13717
12933 14436
-10674 -12091
13292 18263
13065 -15366
12944 16900
-19371 12058
-15952 -21158
20721 -12958
13973 15340
-14420 11254
15233 20104
-9950 9924
-13841 -19583
-11845 -15893
17903 -15706
12958 13124
-15861 -16230
-9303 14171
15876 -15884
-16423 18522
-9446 11616
-11690 -13256
16428 -7519
-17308 12055
-13664 -13830
-10057 19130
-11903 11812
17266 -18765
7595 -8752
-14383 15370
-17732 6916
-18765 12950
-17854 -12085
-14577 12622
-14811 16989
-9358 14215
16700 -10439
-13371 10775
-10889 -16203
16673 -7954
12979 -14436
12178 -14959
-12849 15356
10320 -13703
16018 -13325
18018 -13661
11354 11427
-13030 -16723
-15644 -15643
-14027 -14837
13062 -12867
15743 -9663
-19405 18147
-9476 13388
13099 13460
-12872 13269
-17090 12720
18249 -16840
5293 -11914
-12797 -16127
13797 17224
-18076 10084
-9703 -13396
-13932 -8143
-9062 13876
12619 -12734
-16807 20497
19307 -12389
12903 15325
11136 -11115
-17307 17485
-8283 -11314
-14809 -7912
21564 18332
10287 7084
13369 -14252
10933 -12435
-14409 -12109
-10439 -11761
13307 12076
8105 12338
-16625 11579
-14908 -14420
-15151 -9129
-5566 14190
14186 8924
-17765 -12931
-9757 10426
-13670 -16248
-13067 13825
16898 12921
18829 11688
-14620 16078
-11746 12814
-17934 -15655
-6936 12608
14698 18137
-15161 10088
-16570 -17714
13653 20844
12157 -15411
9376 -8152
18332 12172
14204 -13124
-14674 -9302
-10752 19764
18154 9405
10010 -14825
-13822 -12588
-17562 -11144
-12010 -8608
9919 -9891
14898 9920
17138 -15137
-18299 -10992
-7968 18622
17926 -16041
18673 -6869
12234 22594
-14491 13419
19928 -18962
8668 -13261
-9751 -8242
16673 17873
4912 8586
-15824 -17926
-12562 -9395
13557 12353
10918 16612
-14037 3757
-9401 -14674
20806 -12283
13402 -13426
19615 -10999
9221 -10563
-18216 15374
-11694 10881
12757 11583
4904 -11876
-11066 11703
14899 12894
9911 12563
-15332 9071
18234 -19850
17522 -10641
13391 -16217
10914 -8259
-13990 13759
14296 6802
14008 -7418
15063 14767
13942 13613
11432 16722
-14789 -18495
19999 -8046
-13457 10057
18720 -13580
11924 9782
10710 -15676
-18331 -9986
-8709 18869
-11016 12125
11590 -11214
-10702 22409
9757 15805
-14742 14556
15610 13067
9957 14249
-15920 11551
-8105 -13758
13802 -8475
14767 15165
11070 4951
9745 -8420
6898 10251
19464 -13748
13605 14029
-16479 -17513
18641 -9950
10866 -10921
8449 -12976
-14671 12918
-13708 12523
-18991 15827
-19153 11645
-12944 17927
12379 4528
-9267 -14105
15301 14009
11107 -17607
-20216 -15577
-8481 -15866
14882 -11476
11134 16974
11874 -16437
-15684 -11003
-11386 -10014
13921 19527
12448 5189
7025 -10917
-11119 17186
11535 -21914
-14650 -8678
16249 11222
-19077 -18675
17836 -12421
9604 -8521
-14429 16183
-14383 -12352
-10434 18653
-15592 -12387
-7913 -10455
16096 -16023
-16221 -13266
-14280 14229
16112 -12023
14011 9973
18115 -12581
4484 10935
-15396 -15345
13080 13035
17829 12403
7361 9884
-8848 12582
-14297 -18436
-9072 -10725
-11821 15723
13162 8990
-15992 -22080
19543 -6130
-16983 12203
-11525 -11891
19886 14894
8028 11583
-11997 12685
13993 -18958
-19538 -11432
-12104 18714
12391 16308
10558 13394
-14759 16732
9710 -8978
-16802 16480
-17494 -18375
-17315 -9822
-9826 19575
-12770 13235
-13901 17840
17100 12581
11948 12651
-16497 11752
-18538 16689
-11575 11811
14909 -12376
19071 12548
-16004 -15699
14949 -9614
15708 21898
17253 10761
-14119 -10619
13200 -12535
-16125 -15580
-8557 -12224
14579 22678
15049 15585
13502 -11938
-19473 -12076
-11427 -14093
13855 -13894
18373 -15661
12567 -7696
-17644 -14219
-12922 -11535
-10221 13311
-17237 -9065
-10765 12795
13898 -14129
-15833 14468
17143 13170
11391 10147
-14382 8888
13632 -13181
-12732 -15663
-19073 -16772
-10135 -19829
18957 18707
12036 -14974
11080 -11719
-16965 -12259
-9462 18795
17890 9360
-18271 18141
-12499 -10350
-14271 -16705
16627 -13556
-14983 18027
-17470 12978
-15361 11153
-15444 16055
10948 13806
-14649 -14405
-11193 13733
18476 14186
12009 -15512
-16294 -8149
-11412 -15857
-14864 13947
-19247 -15200
-13381 -9517
-14016 13790
-8438 -19661
14708 -12678
-14323 -12550
17626 12459
-19373 12642
22570 18124
12053 9656
-10326 10685
15011 -19765
13447 -11918
13605 13583
9235 -14643
-16470 12225
-12666 -18593
14977 15994
15691 13908
7417 -13406
13450 20949
14979 12035
-14769 -16815
-17763 19312
17286 16491
-13312 13291
10066 11459
16862 16576
14370 10210
-13237 -19985
15983 12952
16611 -16825
15006 -13104
-16360 15069
-8723 9518
16365 17796
8629 11282
13722 9464
-16467 11581
-15792 -12261
-16525 -9356
-19372 13234
-10358 12856
15132 -11472
-6694 18360
20428 13015
9570 8815
8566 -13641
-15353 15927
15812 -14533
-11901 10900
17139 -18426
-18298 13811
-14631 15958
-14573 16486
-15347 16090
-13486 -10735
15321 12341
15310 -17859
5519 -10738
14422 8693
13726 -15514
14061 -14800
18545 -11686
10707 12239
-18221 -12074
-14467 11139
-10594 -17148
9871 9927
-16652 -11331
13367 -11890
-12249 -16372
16523 -9021
9122 15219
-16585 -13896
-8688 17846
-13040 11314
-14110 13456
-16534 -13898
12936 -15647
-16766 9486
-16714 -18589
-10767 -17360
16451 -14510
-19372 -12819
-14624 -13294
-13780 -9084
-9762 9572
-15368 -10832
-14894 15730
11013 -13185
-15661 11658
18355 -14644
13110 12669
17141 -14444
14349 12683
10023 9322
-17220 15079
-14761 -15720
19790 17807
-14835 11927
-11368 -16426
12188 -11081
-16380 -18477
-15716 -9557
-11682 11614
19488 8723
14454 9190
-14912 -9534
-14313 14854
-15024 11286
-8222 -23137
17081 -9499
16394 -15902
13902 -15300
4783 18770
-11071 11680
16014 10648
-20067 -19831
-16684 -9684
-15536 16956
-14867 -14386
18235 -11637
12280 -9010
-19566 14364
-12361 12772
-10715 13127
9013 -18377
-12760 18802
17184 11885
-14428 -17402
-11107 -12645
8281 13291
-11026 -16539
17510 -15077
13477 -17836
-12609 14299
17692 -15267
18888 -11702
15829 -19084
-15275 -17019
17346 -15492
16269 -14646
-17244 19953
-16387 9183
-8824 -17214
-20702 -9198
-11012 -10847
18198 -10228
8528 20406
-15793 6249
-15569 -13745
-15012 13835
10954 10628
-11518 18296
-17957 16905
8008 11051
-12852 12513
18087 8966
-20480 -22061
-11120 -6761
19836 15153
-10144 -13261
-13303 14627
-17546 -15333
-12309 -13295
14982 -3278
-21439 13729
-14115 -11364
15589 12491
-16899 -12894
-9613 19013
14904 17706
13583 14920
-14863 10709
-12677 -7789
16785 13930
11665 -10695
-14112 13473
16575 -11142
14183 17415
15487 -22743
-12895 -14219
-12801 -14087
16334 -16372
9042 -8611
-14576 14119
16992 -7280
-18441 12442
-12187 -18283
-8899 15357
19623 -15086
16079 -17476
12221 16737
-22441 10665
-13797 10054
15683 17241
8787 10660
-17151 -9261
21537 16046
11699 17503
7497 10167
-14259 -20486
13994 -8125
12782 16204
18868 -13292
8136 14092
-17947 13986
-11438 -16306
14738 -12007
15478 -16096
12591 -8218
13949 -12185
16162 -14423
15044 -14033
12499 -9310
-14187 14923
-10645 -15038
8698 9663
-9824 17331
9839 14452
-23349 10249
-10722 8520
18805 12967
8011 10220
-12809 -9204
18328 -13985
13561 -12810
-15290 15686
18929 11490
9609 -17791
-14329 15608
20726 9291
8831 10247
-11358 -10556
12777 10627
-14744 -13040
20071 18550
5267 -19976
-19123 -11031
-12374 19396
19180 -13540
14492 -10102
17473 15018
14869 -18360
-13314 -9352
13698 11605
-23300 11078
-11558 -13984
13893 -14041
7424 -14709
-13752 15659
15061 5693
13749 -10889
-16479 11961
-13121 -13627
19365 12771
7271 4291
-12618 -14304
21518 -9625
5113 8874
-12589 -11970
14274 9735
-19107 -19873
-11643 -10588
13076 14982
-17562 8696
13573 -13664
9597 20091
-18197 5130
-10123 -11016
13167 10923
11293 -12284
8900 19893
-24077 11559
-15039 13945
-10064 17353
-12993 13079
-12240 -6432
-16868 12572
-13823 -15365
12683 7427
-19538 -10492
-7821 23720
11397 13337
-15934 13952
-11242 -14018
10308 -12078
-15552 16860
-8749 9544
17940 -17795
14774 9264
-12562 -16213
15314 -9165
8653 14043
-12471 -11545
20052 22263
13035 9957
13923 -15689
9747 17625
-16342 -21827
-12655 -11057
17539 14143
11914 12929
13917 -16799
16723 -10317
7768 -17775
-14137 -8530
14522 15835
6695 12604
-11012 12195
9753 11980
-8642 -11172
20737 10305
8566 -15712
-15015 21655
-9824 8056
16580 -16571
15476 -9979
7612 16484
-13261 11720
11797 -17202
-14831 -13121
15813 20592
-12298 4618
-17370 -17002
-14164 -18058
-9744 -9792
14591 10202
-11016 -13249
6953 16957
-9379 9334
24472 -15756
186 15269
-11110 8844
14381 14338
9273 15527
-11202 11233
12133 -20476
-17113 -8749
-13465 11326
-11558 -14909
13135 -13744
14730 -13511
11376 -16758
-12290 -12345
13478 14989
-18676 9453
-11335 -15191
9141 16394
-20402 -14466
20239 15299
13648 -8639
15746 11012
-14520 -15986
-7719 11397
20064 17961
8013 8919
-13897 -11126
18758 20194
6931 18058
-15770 12850
20115 -12672
12936 17487
-19074 10818
16091 21487
-12879 13070
-12770 -16901
-14277 -17600
14018 -12263
9984 13639
17453 11739
12270 12170
-15002 8601
-10259 13959
15073 20183
-16600 -16328
-15293 -16958
14446 17245
-14936 14151
17568 -12860
-11179 13347
14294 -17578
-12085 17685
21971 12808
7809 -14122
-18024 15615
-17402 17168
17408 -17567
15751 14474
6385 -15123
-15358 18380
19392 16163
16090 -12218
11536 -16268
14823 -15104
16611 -13674
-23428 -15092
-10120 -12070
9495 -18837
-14201 -10858
19379 17067
16146 13776
13373 -15150
-17487 -9985
-13431 15793
-17602 -20254
19405 -14391
12135 14264
-17628 -15108
13983 -10369
14327 14602
-13721 -21178
13854 19331
-11323 9498
13355 -18197
-12306 21783
14811 11075
-13008 13938
-15293 13889
-14665 -18678
15945 -13958
12440 -14689
-11745 -14793
-17504 16129
16976 -13370
13291 -9524
8144 15361
3570 16928
-12016 -13333
9160 -17295
-13562 12959
10928 -13061
-18257 16704
9825 -14487
-13429 12547
-16467 -13988
16623 17632
14954 -18688
14223 -11541
12412 14479
20182 -13127
15739 -11562
15534 13747
10129 9693
-12943 -13583
10442 -8663
-16298 15742
14257 -18027
-15225 13164
11580 -12169
-15574 12772
20911 -13521
-15599 15218
-13965 14404
-15815 12140
-11591 -17173
-10430 12259
-14252 14412
18131 10070
-19560 12290
-13676 11698
16853 14062
12590 -12144
-12605 13025
-13346 14652
-19331 14791
12964 -17096
-17587 14949
-14452 18161
-7902 11657
-14401 13750
7172 -17432
16631 -12935
13630 17837
-20162 -16441
18909 -14018
14787 12013
-15529 11426
-15980 -11646
16163 -17366
12946 12950
17882 -9733
14941 13491
14220 13232
16479 -13920
14320 -12849
15142 21813
13538 17417
-19528 -15221
-14314 10056
-14611 15849
-13718 11418
-15057 -11833
-17734 -9929
-10632 14137
-14713 -12680
15116 14936
-14858 -14040
-14610 -20116
11643 15494
18052 13564
-14291 18498
-14802 15872
-12197 17027
-8274 11813
14347 17326
15721 13001
21154 15981
-16740 12741
-9219 15661
-11962 -18039
-22135 15934
-11205 -16002
18978 -14338
-13331 -15397
13076 14117
17874 -15897
13604 -15469
-13613 11644
14754 15062
-11070 17181
-13291 -22006
-16692 -11282
-15460 15158
13494 9947
13796 11916
13573 16596
-16881 -14688
12401 -10058
-11879 -18231
-12247 -17322
14903 11282
-9193 14389
-13703 9884
11666 -14624
-11605 -13230
10741 11492
14487 -17652
-17309 -13149
15384 13575
-13062 -16661
-12779 5288
-13444 -21871
-12268 -10104
-12461 -9136
18732 -12752
14545 -14844
12980 -12630
9947 15923
13600 14258
9708 12067
-15923 -10767
-18009 -10968
-16121 12591
-8904 11196
12612 14019
-17871 9419
-11353 5560
17335 -18254
-16928 -10777
10702 18157
-12709 12395
-12090 12495
18548 12172
13390 16257
-16623 -9678
16723 6012
-11704 14382
-19448 -14802
-12494 16048
-11193 16205
15091 13176
-15125 -16339
-11239 9585
-17947 -14177
-18892 -17704
-14572 13263
-14583 8693
-10930 -12502
-13382 7174
-13778 -13315
-13463 17365
16321 17411
13445 15259
9973 16173
12058 -20304
13290 -11687
11215 -7442
-19453 9654
-11335 -14302
-17092 18443
17457 16041
-12297 -12241
-12123 -10402
18931 -18083
13481 -12851
-8716 19003
12173 14636
-15805 19072
17533 -17123
-17034 -10025
11597 11257
12454 -10676
13724 14070
20109 -12156
11325 13568
-13351 -15506
-16487 16721
13413 -19693
7569 -16247
14406 13875
9795 -14042
-13058 14081
-11951 14693
-19639 16914
-15551 12414
10250 6012
-16207 -14643
-14786 16384
-11993 12331
-14125 -14828
-14681 -16970
17646 19007
7693 -11876
-14922 -18723
12024 -12631
-12791 11315
11326 -12363
-10425 -12486
14768 -12563
17740 8360
14725 -10306
13288 19655
-14966 -15343
12199 -14423
-11503 16812
19408 8970
15167 15482
18027 -12725
9593 -15583
-15606 -15525
13102 18551
-17744 14270
15972 17575
-13840 15461
24883 -4989
7748 15299
-13831 -15290
17504 -8379
-15846 18756
14434 10303
14910 -20788
14125 -11809
11244 17348
-20661 13959
-10382 -13663
16938 -14936
-19982 -19237
-12588 -11611
14319 16404
13682 15795
-9005 11603
17148 -15567
8208 12732
-8857 -20356
15604 -11499
13511 -11686
8853 12687
-16239 12828
-13006 14941
-11487 -16575
-12619 21424
-8197 11053
8706 -17776
14034 19534
9805 14334
-14599 13507
13161 12277
-16580 9332
-17527 18772
-16597 16827
-18026 9134
-10318 -14053
14130 -8855
8327 -6939
-15922 16387
-16589 -15673
17924 17477
10710 14723
-10198 10534
18483 -10244
-18264 13607
-14750 -21777
16070 -16931
15171 -6700
-15446 18309
-9953 18697
18237 8909
7678 -14453
-15968 12265
14841 -13098
-13382 -16491
12741 -18486
-13364 -12617
-15849 -20201
-9183 -12756
-13764 18450
-8064 12304
-11867 12613
-16422 -17877
-12094 -16308
14191 -12576
-15576 -12240
-3945 -15550
14975 -11355
9985 17382
-15278 10876
14978 -14200
11971 -17171
12540 11359
17198 12075
12110 22412
-13079 5741
-9630 -12998
13891 14298
-14692 -13681
15074 19511
-17614 14445
-13993 13492
-10265 -14806
14485 12368
-17259 13168
-11366 16691
-10578 -20706
20066 -9497
6625 21599
-12025 9075
15882 8286
11472 12555
15649 -13806
-12827 -11736
18967 -11205
7678 18867
-12349 11746
18738 14895
17250 -9458
17903 17943
-19675 -10665
-14384 16023
17626 -13744
6985 -7266
-13977 14693
14049 -11627
-16981 17351
18716 -11969
10312 13719
-23055 -12677
-11824 11174
12265 16038
14425 10637
13146 -16972
12679 15665
-11388 12524
15327 -17744
-16010 -8138
-9220 21087
-16554 16182
-9038 -10921
17470 -11608
16367 -13317
10444 -13477
-14856 10010
15664 -16488
12144 21377
14179 13603
2876 -19493
-14699 -12220
13723 7878
14916 -17080
14477 -9274
10041 15652
-14630 13062
-11040 15551
13404 16628
-22791 8042
-10370 -15193
22465 15342
11494 -12288
-14604 15274
-16451 -18358
-7202 -13136
13165 14926
-16498 -19874
10236 -4755
-18434 12106
14430 -17774
-11091 16330
23002 13416
12793 15420
11674 -13372
16355 -13363
12333 -13542
10105 -11200
20110 18247
8113 21405
-15474 11804
15326 -16773
-14462 -15358
12300 18729
-17636 11219
18394 -9482
8499 13012
-14374 -18677
12320 -16747
-16405 -7810
-12170 -9945
-12592 -8032
19350 11270
-19595 -10172
16447 20440
11249 14613
13532 12813
-21110 12963
-15313 13168
-11467 13655
19762 13364
12948 11836
-14248 15557
16220 16732
6131 -12245
-13331 13920
18130 -15916
-14245 -11607
8768 -14835
-17101 -16626
-17812 -13676
-16671 13767
18739 -16676
-14755 -12415
-16063 -20353
18918 18215
14301 13768
-16020 -17794
-14042 13500
-13447 -14845
-16944 19286
-11294 15753
-18922 9681
-14593 17745
15328 15497
7248 15711
-15438 13456
15979 13946
-15451 -11789
-17534 10727
12100 22023
-11815 9971
16054 -12328
-14811 10007
-16800 -12798
11403 -13508
15481 9653
-16123 -16723
-17215 14978
-17489 11155
