0 0
-18517 10545
-18644 -21585
-17718 -16550
-21105 -21777
-10416 -9580
13008 14549
-22480 -17306
-18652 23698
-14160 16303
23752 20662
11857 13813
-9361 -6267
-16857 -9676
-20749 15823
-12379 -23391
19671 -15475
19951 -21170
23423 -23293
-12835 8573
23345 16395
16442 21714
20787 9955
12424 -14313
-21425 17468
-20002 -4674
-13803 -16973
24603 -18988
27379 -18813
-15526 -18714
23226 -17931
16302 -20307
20865 -13332
12875 23593
-22097 11895
-17420 -21615
-19034 -17683
-18709 -18281
-17682 -20772
-20815 -11826
-11905 16789
16963 -22993
-22785 -16660
-17168 -20442
-19207 -14130
-17937 23473
-19972 12581
-14714 -20943
23112 -19049
13057 -14454
-20740 21231
-19615 19798
-13044 12048
17239 -15374
-21961 16934
-18894 -18442
-14796 22715
21656 17479
17327 18938
20109 17887
15022 20239
-20988 14349
-19091 -18747
-15615 23611
21273 13683
17987 -18467
18635 23146
18652 14610
18618 -20473
18286 -19488
19621 -14446
15952 17737
-20752 -19650
-19490 23471
-14853 14191
17327 -17748
-17851 19699
18593 -22580
-19431 -16195
21022 20805
19399 18058
15809 18756
-18280 18178
18841 19603
-19654 16700
20979 -19710
17994 21451
19571 17505
17131 -21263
-19506 -16875
20074 19125
19096 -19868
17758 21098
-19914 17344
-19089 -19704
-18037 20134
19630 18618
18966 18421
18620 18625
-20517 18405
-18374 18910
19988 18542
-19888 -19468
-19116 -19111
20084 -18414
18946 19879
-19679 -19381
-18582 -18821
-18803 -18328
-18882 -18810
19977 -19171
-19089 19511
-19630 19380
19390 -20168
18851 18831
19420 19182
-19039 18246
-19958 18771
19324 19288
20152 -19968
-20047 19506
18290 -19420
19136 19376
19533 -18059
-19848 -20507
19520 20113
-17348 -17732
-21038 -19355
18738 -18225
18962 -18704
19879 -18481
-18158 -20233
-18981 18422
-19978 19020
18233 20108
19349 -20017
18057 19249
20404 -17015
-17778 -21744
-21107 20516
18395 -19591
18904 19160
20273 -18978
-17973 18682
-19251 -16505
-18462 -21867
-18283 17731
-20795 21910
17639 -20588
19131 19730
20224 -19245
-17590 18587
-18962 -16290
-20949 -22252
20196 20429
-19311 -18801
18336 15753
-15946 22376
-22230 -20458
20551 18992
-18840 -16165
16050 -19383
19964 -20900
17899 20060
20812 -18827
-16855 15655
-21934 22430
19970 -20644
-16456 19354
-22426 -18402
20533 15795
-19120 22031
15963 -20530
22891 19339
-20579 -18941
18851 18542
-15976 -16317
-22527 -19522
20235 -20256
-16735 16839
-19905 22414
-17775 -20536
-20618 19454
17693 -18812
19517 16398
17911 19515
21147 20205
-20155 -17578
18969 -19077
-16626 -20817
-19456 20177
-20624 -19471
19639 18780
-17014 -16504
-19223 -19801
-20483 -17882
20066 -20597
-19006 17380
16538 21413
21362 -18465
-18362 -18892
-19298 -20184
-17862 17631
-20637 21113
18281 -18524
19318 -19187
18154 -18367
20325 -18680
-17950 -18267
-21112 -20670
18527 19950
18861 -17272
20279 -21346
-19797 20321
17307 -17643
21391 -19568
-18140 -18002
-21087 -20623
20425 20084
-19527 -19159
19196 17419
-17209 19531
-19472 18162
-18078 18456
-20569 20437
18077 -18000
19187 -19153
18362 -18397
18638 -18548
18425 -18641
20421 -18467
-20036 -18546
17761 -18703
19400 -18304
18097 -20101
20329 18186
-19906 20831
17663 -20370
19415 19513
18305 -17551
18690 -21137
18516 20304
18434 -19504
20152 17438
-18174 21018
-20505 -18781
18702 -18957
20694 -20042
-18585 19837
-19011 -17923
-18393 -20705
-18573 18910
-18497 18834
-20021 19806
20039 -18428
-19487 -19074
17973 -19887
19346 19964
19809 -19511
-19924 19192
17947 -17743
19280 -19349
18340 -18201
18457 -18542
20006 -20114
-20025 19978
18412 -18439
19275 -19086
19425 -18383
-18873 -18578
-19019 -19810
-19713 18781
19922 19996
-18669 -19022
-20096 -19981
20075 19250
-19594 19877
18509 -19222
19219 -18934
19171 -18624
-19120 -19381
-18922 19988
-18517 -19582
-18573 18509
-18570 19165
-19514 19129
19312 -19002
19725 -19176
-19913 -19207
19511 19826
-19340 -18733
19329 -19266
-19548 -19017
19054 19924
19859 -18884
-20169 -18913
19705 -18582
-18671 -19243
-20101 19673
19840 -19393
18977 19521
-20075 -18858
19034 -18989
18896 -18759
18554 -18960
18383 19636
18898 -19401
18826 19263
-19722 -19310
19754 19641
-19197 -19384
-18916 -19542
-18681 19582
-18813 18804
19853 18547
-19781 19139
19773 -19960
18785 19260
-19932 19252
19921 18362
-19412 -19539
-19585 19287
20007 -19200
18559 19131
-20105 -19240
19675 19702
19071 -19754
-19557 -19063
-18834 20179
-18254 -19702
-18898 -19264
-19129 20182
20324 -20262
18374 -18456
-19643 19979
19192 -19730
-19107 -18839
19223 -18319
-19389 -19106
19789 -18208
-19611 19963
-19307 -19715
19966 -18876
19126 20057
-19926 -19443
-19017 -18931
20157 -18345
18270 -18722
-19615 -18410
19698 -18917
-19567 -18559
-19081 19693
-18511 18451
19844 19073
18739 18205
18458 -19529
18909 19460
18719 -19895
-20138 19901
-18910 18942
20382 -20435
18360 -18285
-19792 19413
19531 -19229
19090 19200
18387 -19351
-19826 19865
-18332 -20191
-19063 -19063
-18321 20023
19565 19009
-19597 -20184
19291 -18394
19214 19462
18142 -19957
-19891 20241
19967 18407
18311 -19500
-19266 19498
19326 -19758
-19358 20035
19799 18295
-20199 -19244
-18623 19296
20184 -19443
-19665 19636
-18879 -19605
19858 -19045
18501 19805
18691 19051
18395 18523
18931 -19475
18467 19405
-19667 -19586
-18943 19238
-18823 19225
20145 18199
18522 -19854
-19508 19213
19429 19310
-19417 18296
19767 -19629
-19772 19797
-18981 -19309
19664 -19236
18690 -18626
18567 19985
18587 -19418
18824 -19256
18538 20154
-19933 18743
19394 -20088
19209 19704
18282 18886
-19705 -19675
19544 -18931
18934 -18755
18302 19532
18903 18779
18699 18325
-19554 19087
-18513 18379
-18747 -19570
-18808 19776
19531 -19347
18971 -19061
18846 -18843
-19456 20083
-19000 18753
-18856 -19818
19387 20019
19198 -19694
18326 -18739
-19472 19683
19479 -19671
-19667 19049
19364 19135
19200 18832
-20030 -20025
-19499 -19157
19769 19765
18924 -19412
-19537 19165
19403 -19016
-19539 19083
19118 -19126
19192 19524
18952 -19081
-19209 -19016
-19045 -18448
-19152 -19395
19373 19190
18658 19174
18785 18580
18862 -19631
-19972 19514
19446 -19509
19453 18858
-19551 19245
-18779 18722
-18464 -19918
-18679 18893
-19280 19229
19774 18594
19136 -19736
-20086 19865
19032 -19223
19077 -19378
18991 19634
-19742 18740
-19262 18514
19912 18468
-19905 18929
19263 18881
19615 -19983
-19978 19126
-19007 19021
20037 19056
-19077 -19170
-18870 -18777
-18474 -18698
-18564 -18911
-18588 19985
-18479 -19001
-18579 -18913
-18729 -18275
-18400 -18908
-18911 -18749
-19047 19718
20017 -19698
-19303 19018
-19557 19010
19670 18284
19371 18760
-19708 19191
-19344 -20039
19714 19398
-19581 19212
19763 -20000
-19332 19169
-19289 19144
20080 19011
-18924 -19216
-19118 -19617
-19204 19442
19348 19235
18774 -19315
18573 -18892
19060 -19211
-19962 19676
18890 19260
19302 -20006
18818 19094
-20062 18984
19292 18464
19486 18674
-20116 18554
19050 18448
19729 18822
-19631 19146
-19405 -19897
19767 19095
19433 18978
-20061 18336
19063 18923
19213 18977
18770 -19954
-19767 19166
19726 18981
-19079 18278
-19847 18920
19823 18940
19263 -19708
-20094 19700
19815 -18939
-19123 -19495
-18869 19678
-18552 19543
-18436 -19559
-18729 -19395
-19141 19789
20049 -19550
-19262 19619
-19288 -19105
19889 -19632
-19527 19605
19384 18817
-19498 18372
18668 18852
19396 18788
18787 -19980
-19827 18925
19666 19940
-18821 -19475
-18837 -18775
-18353 -18529
-18648 -19370
-19402 19467
19437 19437
19382 -19916
-19449 18930
-18794 19132
-18604 19096
-19158 -19483
19328 -19560
19031 19615
18961 19236
-19283 -20073
-18807 19419
-18449 19071
-18479 -19843
-18871 19660
-19068 -18934
19075 -19264
19106 -18839
18837 19359
-19923 18760
18997 18566
18826 18996
18512 -19799
19285 19544
-19359 -18835
-18858 -19370
-18536 -18708
-19199 19480
19244 -19394
19024 19364
19164 -19470
-19400 18858
-19607 19054
19634 19252
19437 -19284
-20078 -18799
18982 -18759
18904 -19034
18567 19986
19145 -19461
-19210 -19167
-19091 19856
-19051 -19401
19336 19364
18872 -19474
18267 19722
18898 -19367
19149 -19568
-20111 19970
19057 -19728
19600 19550
-20064 -18989
19111 -19313
19014 19960
18336 -19610
18794 19616
19390 -18761
-19602 -19040
-19109 -18422
19902 -18644
-19480 -18561
19605 -19343
-19017 19354
-19626 18916
19765 18427
19460 18805
-20106 19211
19173 -19175
19151 -19182
-20044 -18681
19163 19554
18817 -19537
18607 19497
18976 -19696
-19960 19086
19108 19711
19753 -19443
-19566 -19600
-19484 19198
20200 18970
-19163 18974
-19414 -19782
19575 19651
18603 -18954
18513 -19167
19535 -19006
-19581 19833
-19462 -18816
19205 -19105
19014 -18887
19087 19996
-19477 -19265
-18721 -19724
-18685 19651
-19227 19224
19317 -19972
18943 19020
19204 19070
-19582 19031
-19198 -19316
19784 -18767
-19525 -18531
19335 -18529
-19600 -18635
18915 -19166
18948 19284
18416 18822
19602 18504
-19404 19402
-19494 -19191
20112 -19064
-19120 -19081
-18774 19450
-18755 19410
-18919 -19470
19853 -18774
-19493 -18345
18846 -18960
19267 -18840
18634 19740
-19739 -19784
19594 18848
-18667 19783
-19255 -19476
-18946 -18878
19263 -18353
18767 -18878
18581 -19029
19238 19843
-19476 -18950
-19556 -19282
19777 -18924
19128 19268
-20133 18938
19139 19216
19639 -19540
-19858 -19217
-18871 19994
19638 -19136
-19420 -18877
19321 -18697
-19503 -19105
19077 19565
18806 18708
18782 18664
19001 19184
-19702 -19938
19470 18955
-19336 19005
19432 19011
-18901 -19446
-18923 -19460
-18632 19453
-19182 19545
19762 -20182
-19445 19209
19649 19488
-18997 -19769
-18977 -19184
-18576 19474
-19249 18899
19942 18965
-19079 -19814
-19523 19009
19600 19054
18798 19167
19254 -19565
-19406 -19351
-19619 20111
19783 -19087
19142 -18962
-19717 -18159
19282 -18961
-19315 -18850
19444 19296
-19575 18946
19098 18487
18978 18433
18259 18856
18792 19088
19420 -19653
-19538 19277
-19409 -19318
19798 19317
19057 -19568
-19935 19108
19810 19773
-18976 -19481
-19833 -19616
19723 19633
19091 19233
-19988 -20017
19833 19024
-19391 18919
-19244 18453
19395 18629
19015 18724
19039 19399
-19145 -19685
-19048 -19024
-18998 20085
19658 -19369
19088 -19297
-19868 19472
19736 19030
-19068 18596
-19134 -19518
-18700 19225
19405 -19259
18924 19281
19169 -19514
-19508 18907
-19495 19073
19575 19234
19338 -19490
-20067 -19373
18961 19891
19080 -19140
18957 -18824
-19269 -18603
-19083 -18799
-18903 19694
19911 -19430
-19456 19585
-19037 -18855
19830 -19368
-19828 -18523
18992 19602
19824 -19561
-19518 19554
-18743 -19369
-18505 -19564
-18522 19395
-18640 18866
-18483 18381
-18587 18625
-18468 18402
-18872 19023
-18806 18715
20137 -19755
-19606 19278
-18932 18820
19683 18695
-19636 19151
19687 -19619
-19010 -19645
-19354 20002
19512 18877
19028 -19994
18981 19034
-19913 18844
19127 18810
19222 18629
18511 -19560
-19853 19445
19157 -19385
18991 19525
18256 -18861
18943 -19226
19055 -18819
-19215 19121
-18857 19099
-19112 19041
19813 -20062
18855 19603
-19619 18844
19462 -19684
-19506 19477
19743 -19702
-19258 19023
-19336 18855
19772 18526
19613 19545
-19416 -19416
-19520 -19519
19904 19495
18879 18818
-19713 19084
19872 -19945
-19535 -18589
-19205 19636
19708 -19545
18684 19828
18416 -19360
18637 -19191
18468 19959
18847 -19222
18921 -19001
-19975 -19124
19588 19863
19204 18956
-19603 -20085
-18540 19269
-18813 19000
-18924 18983
19926 -19869
-19488 -18683
-18818 19699
-18670 -19505
-19020 19705
19611 -19305
18650 -19659
18786 20226
19133 18926
-19511 -19719
-18644 19523
-18831 -19834
-18721 19709
20014 18751
-19653 -19506
-19266 19504
19470 -19643
18977 19233
18609 18704
-20050 18690
19537 18929
19172 -20000
-20138 19097
19545 19134
18680 18798
18662 -19717
18853 -18919
-19476 20015
-18552 -19311
-18840 -18786
-18584 -18428
19769 -18760
-19750 -18289
19119 -18933
19200 -18684
18594 20002
-19858 -19651
19205 -19405
18848 19861
18412 18866
18774 -20192
19064 19728
-19459 18888
-19099 -19967
-18551 19484
19810 18855
-19231 18416
-19181 18321
-18310 19085
19514 18551
-19444 -19488
19607 19534
-19424 -19557
-18853 19033
-18501 19114
-18581 19107
-18659 -19574
-18535 -19162
-18600 19836
-18593 -19866
-18495 19366
-18787 19431
-18969 -19875
19820 -19093
19297 19854
-19720 18947
-19184 -20073
20145 19664
18618 19255
-19725 -19696
19883 -19006
-19712 -18341
-19316 19400
19698 -19412
19101 19505
18618 -18893
-19718 -19303
19774 -18250
-19316 19492
-19700 -19529
20035 19787
18709 -19637
-19745 -19108
19654 19813
-19658 -19666
19235 18873
19405 19292
-19621 18463
-19006 -19924
-19023 19110
19193 19497
18984 -20154
18828 19587
-19429 19398
-18943 -19788
-18361 -18527
-18775 -18781
-19122 -19110
19596 19544
19284 18781
-19982 18549
-18892 18396
20125 18989
-19630 18673
-19232 -19670
19497 19804
19126 -19613
18311 -18928
-19405 20084
19448 -19429
-19813 -18861
19209 -18455
19443 -19125
-19899 20004
-19544 19153
19930 -20085
18920 19197
-19744 18705
19839 18875
-19429 18460
-19273 -19489
19651 19519
18731 -19844
18356 19376
18842 19335
18637 -20140
-19824 19445
18983 19658
19155 -19790
18704 -18783
-19389 20006
-19139 -19342
-18567 -19322
19724 19727
-19809 18791
19745 18412
19104 18588
-20069 18741
19729 18990
19432 -19634
-19555 -19166
-18905 19621
-18978 18615
19622 18761
19187 19012
-19921 -19614
-18954 -18647
19364 -18638
19131 -18997
18632 19777
-20027 19034
19789 -19486
18780 -19016
-19912 -18608
19339 20104
18913 -19729
18929 -19191
-19715 19735
-19158 18493
19809 18813
19248 18790
-19973 -19917
-18747 19350
20003 19174
-19788 18471
-18893 -19823
20125 19376
-19719 19115
-18994 18705
19600 -19395
18961 -18987
18951 -18767
-19876 19357
-18666 19117
19517 18487
-19488 -20018
19453 19720
-19622 19066
19289 -19519
18807 -18977
18687 -18813
19182 19155
-19483 19077
-18572 18939
-18744 -19832
-18889 -18746
20096 19815
-19599 -19806
-19279 19385
19989 19329
18831 -20143
-20048 -18635
19338 19917
19295 -19839
-19962 19657
-18990 19059
19619 -19622
19086 -18556
18534 -18743
-19556 -18616
19461 19567
-19662 -19338
19093 19403
19281 -19601
18413 19167
-19635 19170
19648 19008
-18867 -19059
-18924 -19093
-18528 -18826
-19155 19669
19434 -19817
19272 19143
-20192 18660
19543 18784
19227 18780
-19294 -19804
-18975 18971
-18942 19141
19488 18782
19264 -19961
-19476 19478
-18902 19473
-19034 -19350
19213 -18990
19178 -18711
18680 19935
-19541 -19573
19414 -18947
-19450 19731
18997 -19437
19069 19477
19047 -19449
-19299 18838
-18834 19186
-19341 19395
19443 -19455
19368 -19438
-20039 19949
19095 -19744
18799 19168
18662 19536
18943 -20099
-19747 19074
19611 19233
-18871 19091
-18917 -19865
-18280 19104
-18760 19000
-18438 18405
-18624 18461
-19314 18803
19431 19219
19433 -20024
-19444 19396
-19522 19398
19504 -20088
19425 18979
-20279 19216
19267 19215
19125 -19481
-19864 -19388
19552 19295
-19632 18857
18824 19222
19472 -19146
-19854 -19057
19492 -19110
-19413 20025
19459 -18943
-18752 -19529
-19261 20196
-19114 -18971
19040 -19750
18889 20081
19427 -19519
-19622 19347
-19445 -19513
19995 18911
-18904 19851
-19178 -19482
-19315 -19811
19165 19303
19586 19666
-19961 -19196
19607 -19099
-19663 -18874
18640 19720
19120 -19588
18212 18808
18793 19227
19495 19134
-19920 -19671
19685 19581
-19696 -19552
18975 18780
19682 18856
-20185 18420
18715 19609
20106 -18871
-20078 -19972
19562 19637
-19502 19554
19555 -19438
-18990 -19369
-19702 20072
19424 -18860
19699 -19923
-19347 19326
-19665 18927
19296 18996
18924 -18952
19087 -19016
-19299 -18916
-19566 19652
19997 -19652
-18916 18620
-18866 19162
-18510 19187
-19303 -19276
20095 -19774
-18714 19179
-19667 19556
20167 -19314
-19006 -18778
-19066 -18501
-19184 -18670
19221 -18761
19703 -19208
-19544 19900
-19252 -18840
19890 -18984
-19704 -18205
19687 -18985
-18968 -19048
-19717 19786
19923 -19626
-19732 19458
18674 -18684
18967 -19917
18655 19259
19471 19031
-20094 19361
18732 -19906
19561 18951
-19395 19759
-18820 -19385
-19309 -18826
19134 -19286
18920 19083
18506 18882
18562 18331
18614 18844
19368 19102
-19081 -19728
-18928 19607
-18476 -19635
-19490 18931
19357 19776
19614 -19536
-19354 -19715
-19489 19246
19887 19063
-19385 18962
19384 -19997
-19412 18947
18639 19149
19204 19042
19133 -18974
-20019 -19030
18744 -19561
19672 19289
-19863 19503
19331 -19154
-19321 -19101
19300 -18994
-18695 19779
-19198 -19695
-19024 18888
18903 19785
19004 -20038
19317 19676
-19296 -19640
-19392 18683
19722 19727
-19467 -19566
19265 -18691
-19130 -18694
19168 -19120
-19100 19692
19210 -19616
-19255 19570
19424 -18749
-18643 -19727
-19076 20138
-19553 -18661
19123 -19196
19679 -19208
-19783 19836
19619 -18928
-19542 -19215
19047 -19109
19574 19409
-19681 19429
-18846 -19375
-18653 -19493
-19070 19934
19751 -19898
-19795 19432
19267 19297
19388 -20095
-19557 19248
-18710 18904
-18599 18462
-19344 19363
19715 -19740
19372 -19284
-19473 20142
-18835 -19426
-18411 -19104
-18683 20033
-18554 -19430
-18487 -19323
-18777 19507
-19095 19095
19455 18532
19010 -19676
18868 19451
-19254 -19389
-19178 19487
-18850 -18818
19876 -19280
-19033 -18862
-19188 19822
-19174 -18887
19325 -19062
18727 -19036
18659 19384
19238 18753
-19646 18621
-19195 18410
19990 18727
-19350 18998
-18860 -19351
-18502 -18758
-18472 -18660
-18789 -19087
-19123 19314
19666 19020
19254 18912
-19586 -19325
-18478 -18893
-18791 -18950
-19158 19506
19818 19194
18842 -19580
-19713 -18719
19506 -18442
-19484 -18825
19001 -18930
19259 19361
18485 19084
-19793 18716
19769 -19791
-19168 18987
-19289 19125
19456 18862
18949 -19411
19024 -18938
-19191 -19268
-18647 19891
-18668 18823
-19219 -19708
19875 19467
18949 -19680
-20000 19479
19461 19072
18715 -20136
18485 19163
19283 18866
-19607 18586
-19415 19213
19896 -19944
19319 -19119
-19507 20021
-18861 -19346
-18367 -18700
-18988 -18669
-18686 -19119
20019 19878
-19523 19284
-19032 -19513
20029 -19083
-19311 -18534
-18867 19675
-18336 -19951
-19067 19716
-18688 18969
19980 -20279
-19656 19680
-19198 19326
19908 -20289
-19834 19717
19501 19037
19619 -19332
-20116 -18802
-18735 -18489
20117 -18544
-19543 -18915
-19046 -18371
19533 19621
19022 -19397
18796 19249
-19749 -19189
-18644 19164
19490 -19335
-19685 19323
19737 -19454
-19100 18868
-19584 19103
19939 18831
19418 -19973
-20109 18963
19095 18966
19263 19028
-19781 -19654
-19124 -19246
19726 19717
18558 19224
18732 -19480
18937 -19158
-19575 -18558
-18615 19670
-18781 -19823
-18530 19620
19710 19358
-19866 -20116
19475 -18865
19612 20115
-19884 -19481
-18888 -19380
19526 19945
18685 18931
18423 -19720
18779 19817
19016 -19759
-20062 -18659
-18583 19619
19614 -19522
-19617 19643
19788 -19255
-19728 -19325
-18757 20192
19963 18799
-19921 -19999
19166 18920
19103 18803
-20039 18515
19427 18544
19049 18827
19112 19066
-20047 -19387
-18651 -19191
19760 -18556
-19624 19518
19815 -19584
-19418 19053
-19305 19200
19623 18497
18904 -19968
19153 19359
-19374 19350
-18687 -19906
-18687 19721
-18845 -19115
20102 -19011
-19715 -18284
-18798 -18820
19900 -19064
-19608 19248
19865 19087
-19371 18788
-19102 -19915
20076 19373
-19431 18950
-19447 18285
20069 18812
-19222 18900
-19163 -19364
-18769 -18999
19912 -18798
-19336 19555
-18972 18692
-18288 18844
-18905 18930
-19109 -20026
19742 19314
19041 19538
-20043 -19912
19479 -18955
19403 19954
-19676 -19029
-18521 -19024
-18705 -18827
-19324 19410
19782 18654
19233 18561
-19930 18652
19003 18527
19343 18788
18609 19028
-19652 -19309
19666 -19096
-19048 -18827
-18927 19661
-18613 -19590
-19073 19093
19179 18997
19090 18693
19094 18963
-19319 -19914
-19709 18736
19736 19270
19210 18717
-20232 -19836
19482 19029
19305 18949
-19968 18808
19119 18830
19038 -19600
19203 19327
-19600 -19316
-19128 19520
20090 -18606
-19100 -19298
-19100 -19198
-18989 19177
19809 19656
-18748 -19238
-19220 -19013
-18971 -19109
19804 19163
-18975 19286
-19178 18930
-18841 -19830
19793 19532
-19614 -19557
19583 18752
-18764 19826
-19225 -19664
-19239 -19607
19005 19210
18952 18972
18464 19077
18843 -19961
19110 19272
-19919 19384
19064 -19839
18862 19569
18425 -19723
19484 18725
-19525 19754
-19449 -19571
20109 -19409
-18867 19872
-19770 -19442
19328 19613
18941 -18998
19038 -19045
-19015 -18269
-19118 -18787
-19087 -19355
19774 20037
-19509 -19337
18676 -19426
19306 19871
19046 -19684
-19982 18862
18909 19136
19689 18350
-19432 18762
-18894 19427
-18393 -19096
-18808 -19031
-19202 -18317
19469 -18781
19535 -19176
-19550 19166
-19472 19093
19566 18968
19483 -19744
-19481 19813
-19583 -19312
19506 -19426
19467 19893
-19517 -19657
-19490 19504
19946 -18772
-18934 -19673
-19240 19723
-18915 19589
19678 -19292
-19543 -18942
19551 -19060
-18817 19160
-18977 19002
-18692 19031
-19280 -19942
19881 18712
-19808 19252
18974 19043
19715 -20003
-20387 19247
19170 19519
19702 -20002
-20022 18922
19831 18977
-19020 18379
-18833 18710
-18735 18630
-19142 18428
20020 18764
-18905 19236
-19528 -19845
19358 19664
19000 -18967
19065 -19729
-19890 19397
18945 18890
19261 19212
18898 -19059
-19727 -18914
19838 -18230
-19101 -18874
-19435 -18911
20136 19658
-19179 -19516
-19897 19470
19672 -19517
19205 19217
-20194 19450
19000 -20253
19712 19063
-19971 19732
19494 -19487
-19449 -18730
18634 -18573
19204 -18441
18847 -18872
-19082 -19129
-19017 19946
-19285 -19023
19567 -18822
19164 -18417
-19744 -18581
19424 -18598
-19421 -19373
19553 19386
-18889 19434
-19115 -19439
-18178 -18936
-18809 -19323
-19327 19184
19198 18749
18935 18656
19197 19371
-19771 -19663
-19092 -19223
19683 20043
-19624 -18983
19573 -19317
-18742 -18881
-19221 19751
-18711 -19694
20021 18916
-19007 19905
-19680 -19409
20111 -19146
-19044 -18972
-19852 19838
19768 -19017
19214 -19010
-19715 -18067
-19478 -18919
19710 -18922
19433 20094
-19537 -19496
-18645 -19183
-18741 19774
-19069 -19726
20098 18926
-19221 19240
-19377 18672
19559 -19839
18742 18819
18641 19161
19006 19090
-19709 -19444
19524 -18785
-19527 -18467
18903 -18779
19221 -18982
18568 19999
-19549 -18913
19469 -19214
-19356 -18735
19686 19741
-19327 -19517
-19486 19502
20091 -18716
-18936 -19161
-19023 -19365
-18271 19225
-18745 19353
-19250 -20039
19379 19077
19491 18967
-19555 18482
-18806 19191
-18276 -19590
-18796 -18714
-19129 -18760
19595 -19130
19378 19379
-19546 18828
-18874 18611
-18304 19244
-18894 -19301
-19067 -19157
19353 -18723
18710 19511
18364 -19265
18786 19191
19278 -19258
-19748 19380
-19185 -19553
20058 19126
-19063 19593
-18980 -19257
-18530 -19060
-19225 -18792
20035 19714
-19115 -19625
-18817 19329
-18678 19246
-18951 -19908
20096 19564
-18980 -19413
-19632 18727
19548 19311
18948 18566
19183 -19769
-19166 19702
-19586 -19155
19732 -19372
19072 19397
-19944 18845
18982 18375
18792 18759
18754 19206
18791 -19857
-19789 -18941
19625 19799
-18985 -19585
-19218 19808
-18924 -19398
19267 -19045
19098 19852
19157 -19629
-19169 19613
-18878 -18788
-19095 -19153
19622 -18932
19475 19359
-19441 19525
-19585 -20279
19800 19466
19403 19365
-19794 -20147
-18937 19491
19934 18743
-19061 18642
-19201 18701
-18342 -19547
19551 19615
-19530 -19855
19674 19259
-19195 19333
-19589 -20308
19338 19342
18963 19639
19031 -20073
-19608 19014
19210 19100
-19235 18774
19166 -19922
-19181 19339
19272 18824
-19284 18745
19272 19100
-19328 -19851
19483 19623
-18776 -18773
-18972 -19055
-18427 -18473
-18643 -19431
-19501 19048
20147 19046
-19491 19102
-19384 -19568
19408 -19320
18786 20197
18491 -19431
18490 -19519
18927 20149
18691 -19610
-19716 -19133
19663 20204
-19151 -19283
-19116 -18754
-19151 -18723
19765 -18940
19207 19970
-19801 -19031
19501 -19425
-19288 19478
19661 18791
-19251 18380
-19424 18947
19941 18965
-19697 -19863
18852 19727
19001 -18999
18435 -19494
18555 19633
18691 18882
19401 18437
-19399 18639
-19358 19292
19745 -19795
19307 -19284
-19568 20040
-19291 -19316
19328 -19497
19044 19538
18913 18982
-19990 18544
19281 -19677
19351 19670
-19518 -18902
-18715 -19319
-18595 -18693
-18549 19636
-18782 -19550
-18985 19649
19699 -19109
-19653 -19608
19847 19447
-18974 19010
-19688 19090
20213 -19280
-19269 -19599
-19617 19432
20123 18642
-19150 18656
-19171 19231
-18901 -19701
19840 -19072
-19069 19806
-19130 -19557
-18939 19535
19376 -18937
19481 -19035
-19474 -18268
-19767 -18879
19557 -19175
19338 19779
-19963 -19564
18960 19673
19247 -19025
18645 -18987
-19670 -18372
19760 -18809
-18809 -18407
-19774 -18672
20166 -19271
-18919 19311
-19332 18922
-18898 19295
19654 -19637
-19688 -19248
18752 19990
19186 -19913
18927 19024
-20041 19602
19209 -19465
19728 -18643
-19606 -18568
-19414 -19242
19811 19899
-19535 -18860
19420 -19212
-19232 -18764
19268 19571
-19218 -19267
19411 19294
-19432 -19338
18597 19431
19123 -18696
18381 -20145
18666 19108
19647 20053
-20111 -19305
18924 -19487
19112 19221
18842 19111
-19877 18622
19138 -19696
19032 19599
18260 -19014
18893 -19776
19006 19655
-19852 19505
19733 -19308
-18921 -18736
-19443 -18668
19463 -18878
18995 19660
19175 -19454
-19105 19426
-19111 -19088
-18862 -19670
19940 19755
-18872 19364
-19940 -20031
19352 19880
18699 -19284
18648 -19470
19398 20145
-19435 -19160
-18807 -18930
-18695 -18446
-18980 -18766
20055 -19191
-19158 19300
-19538 19617
19612 -19774
18593 -19053
18884 19743
18986 -19474
-19616 19260
19416 -19383
-19465 19404
19730 -19018
-19080 -19000
-19779 -18393
19185 -18496
19105 -18726
19238 -19274
-19830 19783
19835 -18991
-19304 -19211
-19373 -18917
19878 19208
-19568 18907
19478 18365
-18814 18532
-18838 18830
-18705 19077
-19225 -19266
20066 -18986
-19046 -18368
-18847 -18847
-18620 -18833
-19001 19798
19695 -19633
-19607 18788
19744 19279
-19293 18955
-19375 -19191
20276 -19084
-19164 -19158
-19554 19846
20102 -19829
-19313 19460
-18977 19196
-19148 -20064
19687 19349
19454 18852
-19454 18584
-19151 18949
19309 -20207
18985 19523
18889 18942
-20036 -19787
19402 19845
19534 -19495
-19717 -19454
-18910 19482
20104 19049
-19208 18918
-19554 -19571
20044 19430
19016 -19324
-20162 19726
19495 -18951
19098 -19527
-20235 19788
19437 19344
19442 -19350
-20100 -18790
19414 -19028
18815 19587
18588 18560
18987 18919
-19663 18660
-19423 -19773
19587 19833
18697 -19471
18832 -19122
18699 19993
-19814 -19400
19765 -18717
-19167 -18597
-18935 -19103
19752 19727
-19862 19365
19123 -19707
