0 0
-17414 9222
-16045 -19314
-14883 -13957
-19640 -20561
-23253 -23353
16240 13618
-21078 -16714
-17280 21334
-11992 14949
22859 21012
11922 14215
-18836 -22119
-16254 -11290
-18468 16875
-13741 -20681
20985 -16412
19343 -18326
12616 -13686
-18847 19898
20182 14658
16448 19666
17019 11398
13772 -14393
-21568 15231
-16605 -21056
-15333 -16448
20604 -18163
13757 -18278
-16241 -17527
20050 -18458
16479 -19280
18088 -14880
14437 19091
-19108 13578
-16624 -20051
-18231 -16232
-18590 -17761
-15924 -18361
-17808 -12521
-14296 17654
17949 -19915
-18864 -17953
-16925 -18810
-17982 -12762
-15437 21593
-17329 15053
-17513 -19714
19392 -16871
13541 -16168
-18389 19463
-16930 17675
-15785 12398
16906 -16027
-19593 17632
-17472 -16613
-14425 18487
16942 16584
17698 17534
17187 16654
16506 18060
-20258 15889
-17098 -18329
-15204 21488
18543 16812
16529 -15764
16875 19277
17984 15169
17151 -17881
17934 -16387
16973 -16073
16770 17944
-18301 -18749
-17987 19161
-15446 16162
17499 -17228
-18396 19499
18861 -20464
-18940 -17745
18234 20896
18029 16003
15290 15807
-18283 17238
19512 19051
-18201 16409
21450 -19244
17845 20220
18576 17811
17173 -18777
-18208 -16105
17693 18381
18125 -17134
15286 21027
-17536 15637
-18405 -19186
-18332 17341
15251 17823
18337 15093
18376 17689
-17944 18532
-17473 17617
18485 17515
-17683 -18088
-19606 -16898
19559 -16105
18775 17963
-17464 -17758
-16401 -15305
-18701 -18859
-17089 -17088
19071 -18335
-18477 19297
-16744 16892
18422 -19874
16790 17160
18676 18585
-18671 18637
-19373 16534
17805 18293
21034 -18181
-19093 18715
16972 -18817
16041 17227
17652 -16873
-16743 -18962
19118 16427
-14926 -17359
-20314 -16450
18430 -16325
17461 -18766
17856 -17631
-19154 -18865
-17397 17683
-18497 17181
19936 17366
19606 -18005
16444 18597
20229 -18073
-15964 -20287
-17535 17786
17428 -17004
17694 17507
18450 -18188
-18752 17394
-18490 -17801
-18950 -16652
-17997 18975
-18779 18529
17940 -17275
18457 20249
17950 -18576
-15952 16478
-17884 -16924
-19434 -17393
18957 18534
-18565 -17820
16306 17544
-20412 15161
-17897 -17791
19785 18550
-19627 -18617
18946 -18884
18351 -20660
18588 16972
18337 -16669
-19444 16039
-16724 18116
17445 -19710
-18459 19555
-17129 -17987
18814 17715
-18525 18235
16636 -17248
17786 17905
-20014 -19372
17576 19203
-18811 -16160
-18203 -17806
18480 -16460
-18792 18811
-17313 18410
-15080 -18476
-18774 17798
17361 -20429
19368 18816
16594 17969
17023 17516
-18227 -18768
18228 -21145
-17722 -16466
-19264 19163
-19597 -19068
17600 16689
-19393 -18210
-18424 -16286
-15712 -15763
17702 -15609
-18727 18622
20111 17582
18149 -17048
-18352 -18719
-17821 -16371
-16088 19431
-17680 17713
19582 -19351
17909 -18000
18529 -16768
16559 -15955
-19054 -18684
-18029 -16520
19891 19346
18310 -19513
17120 -14841
-18334 18465
19409 -18987
18974 -16912
-20599 -18933
-18785 -15870
18310 18574
-17298 -17300
18504 19282
-17613 18093
-16639 15166
-17041 16817
-18437 16247
20561 -18923
18674 -16515
17196 -16592
15102 -17625
19369 -16543
16153 -15642
-19556 -18099
17733 -18832
17044 -16117
18665 -16827
15744 19144
-18079 14271
17267 -15622
18547 18223
18754 -19452
18127 -14228
16323 14701
17859 -20364
17778 20094
-19713 17380
-16118 -17455
21091 -17775
16220 -16758
-18920 18202
-16922 -18217
-18550 -15824
-16463 20245
-19296 16283
-15099 16757
17334 -19307
-17089 -18825
19439 -17339
18869 17997
17791 -17663
-17123 17615
18429 -18849
18559 -16888
17186 -15895
16466 -17973
14899 -16111
-19071 17384
19114 -19103
18459 -14390
15213 -17340
-22088 -17160
-17534 -16938
-16466 20531
16071 17297
-21378 -17526
-16646 -15689
18026 19394
-19026 17190
19823 -19481
17231 -18331
14503 -18841
-19196 -14518
-17742 18201
-18855 -17861
-17115 17796
-16600 17801
-16449 13838
20281 -19557
14496 -19397
-14993 -15246
16433 18530
-17262 -18752
17889 -20079
-17621 -14982
21244 17532
16960 -20000
-18127 -16631
16687 -15951
-21057 -15857
-17558 17126
20130 -17141
14297 18842
-19271 -19421
20707 -18889
17838 -19989
18192 -14878
16258 15790
16763 -16629
15315 16444
-16400 -17403
17569 18342
-18272 -20273
-17653 -17471
-18828 22222
-13885 19473
18491 17752
-19519 13706
21187 -17795
13876 18478
-18206 18891
18781 15130
-19883 -16533
-18442 16169
17850 -17224
13783 16196
-18553 -15366
20806 17430
15164 -21393
-18684 -16963
-16285 18311
-16599 -18473
-18915 -17627
-18717 17633
21501 -20835
15006 -15727
-19416 19956
15736 -21336
-17125 -17624
17875 -17030
-17572 -18898
18522 -14713
-21200 17860
-17106 -18931
20754 -16021
15367 20023
-19605 -20951
-17092 -18529
20099 -15448
16164 -17020
-18834 -17793
17330 -18494
-20961 -15332
-18189 17367
-16852 15745
19659 18307
17541 13630
18785 -17629
19170 16934
15096 -19324
-19270 20376
-18300 15747
20301 -19227
14117 -15857
-15921 17388
19375 -18100
17358 17974
16984 -17265
-19536 18325
-16352 -18847
-18678 -17389
-15178 19801
17901 15322
-18320 -19626
20934 -15526
16869 15877
15240 -19045
-17290 19138
17070 16843
14831 -15935
-16643 18921
18028 -17390
-18218 20439
19245 16203
-20732 -16826
-16324 17163
18826 -18354
-19220 16612
-14028 -21205
18774 -16200
16212 21330
18084 17246
17193 14893
17320 -18572
16394 19184
-18903 -18374
-19209 17875
-17273 17573
17908 14680
14466 -18895
-17459 17061
17311 19819
-17481 15349
17873 -18271
-20011 19931
-15551 -18800
19182 -18824
16608 -16851
17302 19397
18407 -19384
16594 -17553
15159 18148
-18853 16616
19863 -19476
19607 19188
15966 16391
-17158 -18044
18982 -16349
18261 -16248
16628 19475
17486 16870
15526 18088
-17631 18350
-15898 16569
-18490 -17346
-16032 19427
18310 -18342
17108 -18334
20021 -15665
-19076 18210
-17460 15980
-17470 -18341
18877 20032
17885 -16928
17329 -15341
-18777 16815
18403 -17418
-18657 19022
19534 17515
15855 16996
-18493 -19826
-17540 -17454
20574 17226
16465 -18253
-17877 16778
16598 -15934
-19010 17886
18437 -15614
16743 18408
18592 -19829
-18714 -18333
-17719 -15935
-15821 -19364
19686 19192
17949 16942
15708 16595
16107 -19717
-16998 19495
18480 -17728
18069 18039
-18098 17568
-16421 17957
-17570 -20047
-18796 19266
-16993 17283
18536 14206
15518 -15799
-19492 18170
17931 -19281
16402 -17379
16651 21760
-19100 16880
-17795 19447
17170 15269
-19441 18922
18926 16949
15637 -19103
-19990 18612
-16776 16539
17646 19176
-18276 -18489
-17576 -18981
-17558 -18876
-16068 -16512
-17097 18520
-17231 -19226
-17532 -15726
-18654 -16929
-16853 -17936
-19527 -15835
-15282 17600
19832 -18743
-18522 18962
-17215 17271
20368 16737
15390 16098
-19159 17439
-15689 -17971
17307 19310
-17765 16618
19582 -17289
-21271 20983
-15321 17559
18725 15760
-19249 -16635
-16318 -17437
-17682 18629
18895 15508
18674 -18207
16163 -18494
15483 -16845
-18426 20410
18439 17587
18737 -18927
14036 19339
-18528 18406
19637 18264
14159 16733
-18812 18387
19082 16031
16552 18436
-19390 15215
-16693 -17949
19666 17952
16843 16482
-17530 16888
17462 19196
18053 15985
14507 -18714
-18716 19238
17059 17863
-21702 17317
-17623 18111
19219 15845
13949 -14989
-19142 17852
18218 -20261
-20609 -14058
-16782 20545
-17751 16588
-17428 -17539
-16896 -15023
-16865 16642
19236 -18604
-18488 17678
-14937 -20410
18798 -15856
-16882 22200
17943 15737
-20176 17199
19766 18047
20421 13856
13772 -19098
-18364 21100
20142 16310
-18649 -18750
-14040 -17452
-16660 -18028
-18078 -15927
-16057 19039
19219 16086
15281 -17233
-18377 18032
-18070 17113
-17196 17585
-16203 -19733
19217 -17191
17730 18630
15263 14887
-19509 -16692
-17617 18560
-17156 13732
-15753 -18005
-20356 17533
-14535 -19912
17374 -17524
18393 -14387
15643 19192
-19313 14736
20349 17514
16950 13822
17626 -18603
17107 15532
-19764 -19929
-16504 -18370
-17385 -15497
-17283 16016
19244 -18077
19642 17239
16655 -17143
-19780 18268
-16759 17355
20460 16156
13662 -19491
-17453 -18939
19704 -19367
18306 -15595
17498 15936
14086 -21921
-18357 -14434
-18168 16690
-16139 -15302
19224 16186
14661 -17730
16277 19551
16444 -21759
14037 -13616
-19017 16061
18863 -19307
15191 18071
-16871 -21811
19895 -14806
18313 18421
17011 -17393
17826 19225
17941 -18728
-22356 -15940
-15994 -18293
17566 -16800
-15537 -17158
19501 -14648
-21258 19318
-15602 19191
19141 19329
14504 16898
-16926 15784
20158 -19055
14068 -20005
-19298 -14276
19735 15414
17101 -18517
18288 17111
14087 -19978
-17543 17930
19085 14697
15566 -18989
-20771 -14515
-15918 18291
20456 18654
-20323 14847
-14604 -17633
18642 17717
14677 -19055
17308 -18245
18447 -17290
-21010 17945
-14677 -17143
18091 -17691
19359 -14510
15597 18475
-22397 -20889
-17118 -15680
-18222 18554
-17820 15463
20488 -16240
17059 20071
17895 17716
-19891 16733
-16738 -17913
16114 -16616
-16399 -16643
16512 -17374
-20014 -16988
21150 -16005
15044 18314
17634 16506
17222 16713
-20840 16951
-15070 -20712
18993 -18419
-18248 -14522
-16551 19683
-18513 15140
-14197 -17760
18661 -16331
-15766 -17480
19729 -19377
17408 -15703
13832 17795
-18438 -18601
17982 19890
-17738 14245
-18859 -19269
-13462 -19072
18124 -16379
16970 -18744
17733 -15462
14404 18357
-19255 -19156
-16755 -20189
21194 -15636
13257 18678
-18344 17353
19308 15888
15542 -18232
-19178 -14393
-14392 16278
15996 -17871
-16014 -17104
17080 -19387
-17431 -13799
18916 19634
17282 15145
19019 18754
13415 14859
-17037 -17795
20454 20396
-17714 17375
17825 14571
-17601 -19291
-18679 -14765
-19273 19991
-16522 15591
16276 -19616
-17058 20679
20976 16848
-19733 -20924
-18123 -15874
-16904 21769
-14561 15823
17879 16857
-18586 -17355
-15722 18320
19182 17698
17952 16527
17526 -20943
-20375 -14735
-17879 19855
19068 -18515
17241 -15529
-17486 -15431
15328 -18688
-17566 -13919
18174 19387
-18102 19808
18954 16923
16718 16423
16605 19342
18704 17141
15938 -16882
-20971 15647
-17134 -18370
21986 16502
15210 -19248
-18439 18084
17255 15536
-20578 -18975
-15921 -16662
19224 19918
14638 16852
-19665 -18638
18426 18841
-18635 16656
-15812 18021
17392 17781
18138 18294
16822 16662
-18513 -21345
-20767 -16692
-16232 18643
20963 -18435
16313 -15097
-18226 18279
18771 16994
-19300 16436
-17521 -17526
-15024 14958
20240 -15765
17672 17227
17820 -19886
-18202 17833
-16097 18253
20499 15672
14448 -20502
-18917 -16770
19274 16238
17548 -18474
17324 -15392
-19132 -16571
-17222 -16781
-16000 18009
16174 -16992
-18547 18307
-13620 -17493
17485 -19617
-18991 -15964
17205 16827
17402 -19036
-18779 17009
-16810 -19743
-16677 -17068
-17065 17007
-17340 17718
-15664 17376
-16931 17041
-16237 17510
-19296 18882
-14865 15634
20612 -15769
-18508 19939
-14152 17800
15768 18572
-20166 16886
20016 -20924
-19982 -16457
-17706 19663
18250 17164
18410 -17969
16126 18529
-18552 16409
19164 17287
17834 14334
13572 -16895
-19985 18777
19645 -18585
17618 19717
15441 -17300
18990 -16945
15180 -15487
-17405 18789
-16435 17602
-16673 18365
19874 -17437
17487 18498
-18631 13622
16977 -17986
-18875 16384
19280 -19637
-20292 18644
-15909 16703
19133 17516
17543 18276
-20762 -19785
-15405 -16415
18611 16567
17209 17328
-15328 16841
18951 -19777
-19521 -13899
-15868 16234
20086 -16594
16792 18108
17351 -20780
18119 -15173
17388 17458
17344 -19358
15569 -18014
-18042 -16078
20892 19834
16928 18715
-19873 -19192
-16626 18389
-19477 16100
-15831 17206
18321 -21252
-19906 -14622
-17403 16103
-17814 -16443
-16768 18249
20494 -19544
16230 -17673
19527 20788
16071 15772
-18415 -17687
-18595 15770
-17636 -17460
-14224 18577
17879 14880
-18906 -15753
-15372 18623
18904 -18055
16625 21841
15646 15901
-18345 18208
21337 16978
14116 -19502
-17032 19615
20343 19219
16779 14992
17406 -22346
14783 -16912
-17656 18343
-15564 -20751
-17390 -17303
-15694 -16958
19414 -19193
-18145 -16304
20233 -18749
17689 -17007
16907 18583
-18828 -20467
19482 -16314
17105 18960
17882 15655
17910 -18208
17164 20535
-18331 14853
-19142 -17959
-16209 20236
17712 16474
-18967 17704
-16888 14589
-15963 18605
16901 14283
-17236 -15688
17185 17765
-21817 -17839
-16864 17886
-19106 16569
-16978 18138
-17686 -19419
-17214 -14968
-18433 16058
-16723 -19467
-17740 18934
-18915 18147
-14191 -18022
19477 -14999
15557 17500
-19896 14331
-14730 -17946
21045 21080
15470 17250
-16163 -19436
18882 -17835
-22249 -15373
-15615 15711
19628 -17807
18495 15799
14918 -18730
-18134 -16959
17339 -15756
-19016 16788
-15758 -17064
21580 19145
15507 -19959
-17410 -15087
19795 16562
-16816 -18060
19955 19386
17136 19725
-19564 16577
-18542 -18432
-14620 17991
19579 13829
17253 -18339
15665 19321
-19928 16053
-17616 -20948
-18516 -17984
-17906 -18575
-16113 -15944
18203 19323
15635 17939
-21433 18072
-15778 17064
17791 19293
-19944 15340
-15826 -16491
18462 18535
17982 -20767
14267 -13678
-14560 16228
16263 -20023
-20463 -17738
21740 -17270
16114 -14606
-19153 19973
-16356 12217
21909 -19142
13912 18573
-19069 17429
19362 18533
-19637 14654
-15803 -16759
18970 18608
17681 -18948
16747 20028
18122 14394
13733 -17162
-17777 18616
20105 16661
16708 -19768
15580 -15015
-18708 18919
-18395 -18165
-13310 -15333
17387 19642
-17977 18089
22436 16068
14052 18125
-18041 17382
20724 17238
15044 -20439
-18048 -14013
-18839 19234
-17953 18702
20297 20079
15882 15917
-20505 -17834
-16005 -16888
18463 -17982
19660 -15395
14615 18632
-18636 16399
22957 -18437
14932 -17959
-18007 -14941
20046 19725
16111 -20047
16418 -14925
-19724 19193
-15844 15536
19370 18662
14659 13490
-20240 -17164
-14712 20379
17341 18152
-21340 13127
-14432 -15846
15987 20245
-19929 16885
-15342 16647
19543 -20191
18158 -17058
15185 -15164
-20430 18774
-16114 16681
17501 13577
-18076 -16993
16986 20153
-17073 14918
20075 -18561
17181 -17933
17701 -13400
15591 19575
-19048 17671
-14396 14194
-17501 -20400
-15811 -13264
17742 17805
-20396 -17045
-15708 19264
20550 15166
14100 -21108
-16940 -15321
19480 16200
13644 -17050
-20148 19620
-14930 14690
18967 -17032
20036 -14140
14976 -16386
-17116 -11903
17835 18056
-19522 -14785
19202 15563
18390 -18379
13740 19999
-16314 16367
17057 17027
-20184 -19321
-16993 -17061
-17270 -16080
-16807 17110
17692 -21227
13829 20886
-19385 15065
19643 19260
14793 13800
-17806 -17354
-16745 20589
-15618 17204
21273 14237
16687 -18148
-20057 20067
-17774 15653
-16328 -18436
17773 -16877
19128 -15960
14642 18447
-16626 -21765
17969 -13952
-16983 16223
20622 -15883
15214 18107
17294 -17073
-19551 20449
-16368 19249
-15722 19086
20976 -21187
13711 -15581
-17705 17453
19501 -18051
15549 19761
18361 16235
16577 -19257
-17747 17966
18308 17643
-19178 17966
-17028 -16111
-16133 18548
-17735 16503
-17032 16926
-18369 14764
-16186 18464
19394 17196
16213 -19217
-19239 22692
-15336 14403
17272 -16483
17359 18446
-19448 20113
19779 17830
14306 -19722
-17085 -17557
15987 18976
-19032 16733
18603 15302
16874 -18417
-18250 -17141
17181 -14420
-18872 17404
19999 -21207
-20229 -14863
-16875 19017
-16342 -20010
21258 -15194
15707 17828
17370 -15749
-20680 16759
-15008 -19573
18383 19402
-19546 18460
-18828 -21832
-16335 -18258
20331 20739
15605 17580
-18080 -18450
17067 -18551
-21924 -15275
18237 17366
16400 -19137
15735 20355
19392 17646
19625 16567
-18554 -16477
18448 19236
-19597 -17629
20081 18324
15680 14321
-18777 15634
18620 16108
16101 -19345
-18694 -17603
17734 22633
-19424 17295
19435 -19148
-19118 -16558
-17787 17037
20252 -17953
14757 -16926
-20511 19389
-17378 19002
18012 15943
17031 -17991
15413 -16163
-17510 -15213
-17361 15656
16518 -19746
-17231 18263
-17340 18971
-16428 16527
-16784 -20165
19668 -16585
-19896 18903
-16480 16922
18978 -17205
-20157 -16333
-17158 -17828
-15751 -20690
17387 -18892
17824 -19750
-20952 18077
-14459 -17761
17352 -16468
-18326 -17048
17167 -18624
-18540 -16400
-14988 16908
17110 -18629
-19291 16755
19212 -19410
15547 -17912
19877 17278
17247 18237
-19529 15552
18600 -17890
16385 17093
-18504 16400
-15163 -17595
-17374 -16885
19134 -16609
16814 18782
18392 16761
17800 15994
15375 16563
18728 16626
-16587 -16019
-18126 17444
-16722 -18547
-18731 19553
16823 17151
15679 -19383
-17512 -17453
-16073 19515
18175 18566
-16932 15605
19982 -20217
-18190 19100
17638 18188
17301 17144
16264 -18950
-20409 -19140
18911 -18382
16004 19196
-17825 16873
15362 -17998
-19018 -18220
17923 -15318
-19401 18503
-16482 -16261
-16551 19369
18816 14948
15707 -15140
17188 17046
-18492 -20228
-13903 19084
17793 18006
-19038 -17981
17301 -16962
-15525 -17158
18739 -18150
-17231 18430
17351 -18136
-17707 17855
18704 -17404
-18703 -16774
-16319 18793
-19549 -17078
19433 -18409
17070 -15954
-16221 18204
20073 -17897
-18493 -18703
20541 -19781
17184 17703
-19863 15599
-19303 -17456
-17401 -17164
-15973 18117
16655 -19857
-16507 19521
19315 18182
16448 -19236
-17492 19360
-16988 17299
-18693 16908
-16075 17255
18825 -17968
16517 -16116
-20692 17341
-16751 -16653
-16706 -14481
-18802 17038
-16666 -18253
-16164 -17106
-17923 20431
-17387 18538
19111 16114
16749 -18344
16517 17679
-18603 -17419
-18934 17947
-16589 -18569
18173 -17944
-19837 -16458
-18820 16659
-17186 -17832
19801 -17113
17372 -16869
19941 19642
16481 17203
-21607 18392
-16310 16430
16209 17101
-20464 16734
-15623 -17771
-18394 -18302
-17405 -15760
-17968 -17756
-16160 19101
20822 17886
15403 17301
-17750 -20669
-15121 -15763
-18827 -16454
-15746 18909
20407 14377
16737 -18965
-17399 -15516
17557 -19006
-17557 -17523
19451 -16284
18334 18511
16507 16644
-17980 15344
18762 -18748
-20790 19159
-14583 18290
17814 15837
15635 -19943
17335 -17193
-18782 -17556
-15368 19781
-18380 14853
-16099 -17809
20190 17090
15389 -18914
-15947 22085
20431 15127
16316 -19171
16030 18824
16528 17712
-19109 16821
-16304 15784
20321 -19606
17432 -15900
-17667 18088
-17806 -18544
-18912 -17092
-18169 -18810
-16628 -17059
17701 20391
-19322 14645
-15313 -20628
17825 -16999
-19585 -14752
-15926 16742
-18226 -20312
-18126 22857
-15736 13487
17483 -18431
-20358 20712
-15701 14352
17456 -18549
-19608 20068
21809 15892
15862 -16515
-20931 -17500
-14338 -18774
17118 -17300
-21668 -18804
-13612 -13390
18383 18419
18364 -16822
13870 15728
-20818 -17509
-14632 16560
14779 -19695
-18765 18845
18366 -17313
-20210 19929
-13690 15699
20750 16968
16170 -17805
-17593 19143
18978 17544
16584 17017
-19507 -18391
-13718 -17326
20436 20904
14966 14197
18730 -18809
15293 -19670
-19487 -16801
-17343 15843
-17219 -17344
-14429 21284
16843 15611
-18687 -21918
21878 -16195
15968 18915
-21014 -22343
-14051 -16899
20463 21328
15770 14790
17457 -17320
19421 16284
14092 -21396
-20228 -13017
-12716 14946
16137 -18054
-17977 17360
18974 -21357
-22338 -14321
-13876 21077
16910 13397
-19944 -18785
20828 18573
13135 14681
-17800 16950
19340 18236
18538 19320
13746 14942
-21554 -18768
-13298 -18785
17165 -15025
-16798 16201
18344 -16798
-20316 19130
-14996 16667
17552 13294
17674 -17845
14290 22393
-20478 13655
-16223 -18773
-17157 17140
-12418 -19723
18431 -16847
-20151 -17646
-12438 -17867
18386 -15993
-16063 19788
18731 17799
-20413 13231
-14333 -18089
16259 18937
-18944 17128
-16263 17408
18099 17915
-19450 14860
-17477 -18205
-14723 -17736
17037 -14921
-18641 20298
-16262 18437
-16940 20297
-19319 13358
-13564 -18874
20901 21000
15732 15003
-16662 -20419
21120 -13366
13450 16646
-19641 -17680
-15247 -16520
-17387 -14666
-16429 18811
20053 16423
16959 17988
-17681 16993
18060 19024
19308 18259
13991 14819
-15143 -18523
16589 -17214
-21358 -16211
-16524 17013
-20018 -16860
-15885 18937
20803 18098
18487 19246
15670 14930
-21850 -20348
-14753 18735
19643 18241
14142 14633
-18383 -17669
23472 19706
13198 18012
-17267 19251
20370 14019
16399 -16915
17618 16073
-21303 -17876
-13119 18646
18350 -18594
-20184 -19365
-17803 -18172
-12019 19760
15889 15178
-17009 -19429
-19109 -17209
-16527 -17118
16110 21647
-20611 20397
-18186 14879
-14266 -19264
19220 17184
-18357 -18712
18485 19633
-19532 15974
-19095 -19904
-17606 -15595
20327 20321
18881 17836
19578 14721
19486 -16689
16156 20476
-15974 15483
18589 -15315
15803 15888
16954 -19761
17177 19199
-18554 16114
-16389 -18714
17295 -14358
-19184 16915
-16180 -15188
16848 19508
17894 -21909
15220 -18872
-18641 -15894
-17989 -19276
-14668 -18517
18188 18770
-16319 -22136
19699 -14764
19765 16177
15954 -17601
-17984 20581
22096 16340
14635 18165
-18813 19126
-16392 17169
-18323 -18063
-19124 -18861
-16916 -16235
21002 -17512
14497 -15407
-20986 19061
-13775 17768
20948 16102
16675 -17592
-20107 19398
-15156 -23376
18618 -13189
15214 15876
-17969 -18690
-15572 16060
16977 -19779
-18356 -16296
-17712 19916
-15806 15441
15826 -20696
-16643 -17041
16828 -14229
-18816 19321
-16754 16105
-19707 16099
-15671 -19406
18336 20000
-20490 18010
19762 16440
15876 -17525
-19811 20143
19694 14585
17492 -16418
-16630 20218
19684 17729
-20270 17912
-16651 18045
-18672 17039
-17058 16662
19300 18813
-17757 16911
-14922 -18750
19011 18523
17822 -19736
18543 -17580
-16881 17987
19139 17101
17775 16209
15433 -19141
-18675 -17049
20059 -15920
-22014 -18213
-14613 -15080
17619 18001
-21399 -18266
-15854 18385
19314 -16637
17136 20751
-20257 16510
20629 -17789
18469 20546
-17863 15909
17695 -18981
-18021 -18291
17611 -16752
16912 -17604
16140 -18052
-17587 -16777
-17185 17443
-17228 -19848
19483 -15908
16190 -17843
-18732 -17309
16964 -15414
-18882 -16856
20459 17952
-19784 18541
-17636 -17820
-14255 -18360
-17475 -17110
-18023 18007
19380 17581
17098 19027
16299 17817
-21512 -19404
-17175 -15809
16526 19567
-19079 -18267
19567 -19429
-17541 -18582
-15351 19356
-16171 -16330
17948 21026
-18121 19232
-17614 -19646
18469 -19236
-18016 -18164
-17423 19336
19937 -18917
16724 -18338
-19973 -13343
-15345 -16955
18236 -18104
17968 18282
-19621 -20155
-17137 -15776
-17995 16147
-16855 -19405
18184 19515
-19094 18957
-16279 15000
19184 -17214
16664 16194
16756 19343
15430 16918
-17549 -19193
20119 -18389
-18944 -17638
20117 -16528
17156 -16347
15076 19323
-15457 -20075
18670 -16959
-16497 -14296
17289 20118
-20396 -18375
-16123 17235
19445 -16674
-19690 -17105
-15988 -19717
-17845 17711
-16740 16252
-16933 -18048
19488 19318
18967 18722
-20223 17021
-15676 16822
-16198 -20036
-18306 -16870
-16161 -18370
19512 -18983
16651 18869
-19303 19295
-19086 17260
-16973 18989
-18289 -20726
-15877 -18874
18523 -16988
14850 17902
16437 -16356
18512 17989
17953 -19452
-20479 16993
-15741 -15707
17264 20418
-18006 16438
-18326 -18506
-17984 -16652
-18530 -15756
19080 20264
-18639 -17141
-18032 19865
-17560 15882
-14550 -19372
20573 16696
-18490 -17786
-17361 20310
20437 17111
18855 17062
16783 -18028
-19207 18187
-15015 -20193
17061 -17064
16259 17734
-18226 17839
16716 17486
16207 17958
17305 17162
17327 -19721
-20115 -15931
18122 17529
-18995 -17753
-19699 20167
-17773 -20174
18470 -16276
17986 16258
16762 -18975
-18347 19776
-17112 -19180
-16318 -18271
19122 -16944
16765 19163
-18859 15812
-15944 -18974
21006 18640
17306 17641
-19180 -17536
-15601 20429
17511 17828
-19273 17014
-16263 16284
-14573 -17223
18597 17791
-19630 -19287
20009 19212
-20981 15301
-18269 -20462
16840 18017
15970 15240
15963 -18453
-17117 18139
15866 17143
-17316 15120
17988 -17617
-17364 19527
19122 16482
-17669 20302
17384 14812
-18207 -18164
17635 18062
-19495 -18784
-16083 -18178
-19780 -18700
-15973 -17432
-17103 18245
18272 18107
-20672 16885
-15984 -18999
17823 -17271
15920 18878
17131 -19677
18608 -15874
18516 17829
17028 -19559
-18562 -15823
18626 19759
-20895 -19185
-18525 -17741
-17018 -18243
19704 -18387
17052 18544
-17435 -18460
18154 -16034
-14782 18061
19087 17041
-18387 17003
-16451 19078
17253 17798
-17767 -17034
20619 18109
16483 -19783
17761 -15755
15729 20605
18324 17423
16279 17274
-19351 15834
-15272 17725
20163 -22249
15828 -16537
-17019 15839
-16830 -18655
17641 -17224
18650 19645
16902 15892
-17942 12590
20603 -17789
16911 17945
-18295 -18627
-17473 -17360
-18711 -16324
-16454 16962
-18827 -18097
-16129 17477
17302 -20010
-18196 -18915
20354 21396
-18231 16881
-14777 15502
19176 -19209
-20019 -15559
-17592 18452
19292 16175
-18776 17482
-19524 17024
-16677 -23473
18353 -17672
-19096 17153
-18277 -17135
-14904 18086
21166 -18732
16048 -17988
-18323 -16602
-17198 -18865
20619 -16359
14571 17313
-17991 -18477
19659 18625
17285 -18967
15439 -17401
-17704 -17176
17846 -20087
-21225 -14202
-15965 -17803
18978 -17253
-18901 20103
-18743 18286
-15725 16641
15296 -19962
-19351 -17032
19795 18648
16691 -19997
14888 18027
-17609 15609
21640 -19993
16738 -14133
-21102 -18477
-15617 -14247
16481 18708
-17997 -18634
18815 -19391
-16766 -14667
17097 16668
-15372 -15697
17328 16566
-16958 -17731
19650 19247
17114 -21278
17870 -16449
18035 18851
16529 18874
-19451 -20653
19264 -15585
17863 18152
15160 17567
-16997 12854
20275 -18866
16347 18039
16743 -18630
17804 -17085
16441 20610
-17500 15134
18332 -17730
-18926 -17344
-15511 -16273
20296 -14875
17401 18511
16722 -17705
-20195 16099
-18192 -18652
-15654 -15597
19766 19049
-19208 15869
-17385 -18046
18693 20133
15668 -19006
17424 -18289
18131 18689
-18143 -17161
-17034 -15572
-20551 -18613
-14505 -19768
18459 -16250
-19119 18742
-15650 17643
19999 -18947
14550 -13689
19790 17004
15928 -17736
-18164 17394
18987 -18290
-17064 16895
18862 -20639
-22003 -17428
-16934 -17607
19668 -15550
19811 -18505
17122 -15629
-18634 16846
19973 -19179
-19977 -18114
-15664 -15146
17376 19609
-16052 18255
16465 16207
-19213 16619
-17930 20552
-18707 15149
-14576 -20373
18547 -17890
-19414 -16654
-16141 -16698
-17850 -14618
-16637 17957
16717 -19135
-17150 18398
19277 19941
-20877 16563
-14875 -17542
19079 -17931
-21996 -16317
-15828 18309
17111 -20220
-20037 21116
-17913 16139
-17693 -17023
21894 20053
17782 16775
-18233 18490
-16316 15507
17725 -19582
17033 21090
16202 14965
-17614 -17403
19158 18427
18283 -20914
-18128 -15546
-14916 17122
18419 17330
-18688 17596
-17815 -15579
20814 17841
17866 -16210
-18613 21433
19727 -16841
17056 -16683
-19309 19994
21183 16222
17381 -17033
-16944 -15649
20252 -18998
17319 19287
18277 15727
15408 18712
-19501 15740
-17418 -17376
19267 18169
18112 -19705
17713 -15461
15971 16655
-20904 -17624
17817 -16093
-18114 -18523
-14405 -17046
16042 18394
-17872 15218
18112 -20081
