0 0
-1500 -19478
7435 -9918
-13450 10244
12304 -17852
-3726 -4976
16783 12874
14971 -18398
-21556 -8686
-10582 17929
11816 9138
-14582 -14160
-12374 14838
10007 5755
-7611 -11410
14777 18583
-20448 5585
-14609 -10368
-10391 17362
-8677 15003
16472 9401
14696 -15178
9967 14587
-11764 19258
-14322 11071
13944 -11780
15080 13047
14786 -13903
-16226 -14151
-14276 -7068
-10787 21735
13135 10817
-15632 -11351
-12246 11820
17257 -13156
13474 19498
12363 9912
9996 -20768
9313 -10219
-9404 9495
10817 -8826
-7197 15548
15766 5805
-19103 -13035
-11105 15082
8947 15198
-17355 14558
18371 -16362
18191 -9063
9169 17389
-13624 15466
11577 -15965
-20327 19381
14873 10133
15814 -13986
7465 13909
-9427 -21480
9616 -7075
-20094 12692
-16102 14247
-16843 16318
-10080 -14248
-10086 -13694
17992 17492
11372 -17059
12560 -8457
-16183 21516
15149 7698
12667 -20393
15308 -12661
-20152 13250
-16479 -17771
-12658 -13746
13003 21536
-21544 16250
-7402 12051
20755 -16333
-14324 13390
17521 12189
-15356 -18181
-9913 20900
-15400 15247
18320 -15881
14052 10509
15071 -20166
14500 17805
-18452 14458
18695 -17894
7979 16511
-17203 12473
-15936 -21392
-16429 -14750
-17577 -16655
-10972 14897
15419 13218
-15830 -14628
17479 -12957
15294 -15955
-12018 -10198
-14413 14198
12977 -14244
14059 18688
14483 15284
-14522 -10031
-12066 -18594
19690 16319
15167 14279
-13814 -14740
-10886 19490
-19614 -11802
-16734 -18018
-13027 -19308
19150 -12867
8747 -11117
-17712 14778
-17951 -16681
-19852 -10968
10663 11508
-13828 10085
14146 14301
14939 13387
12231 14201
19417 18450
19553 -6281
-17417 -11574
14496 16523
-12535 -16172
-13173 -14905
13542 -16959
10267 11253
-10542 -15237
-16035 10414
12566 19947
17613 13660
13928 10351
-15650 13199
-15068 -11379
19374 16976
-14189 13248
12496 14181
14227 19426
14332 13520
-10435 -18285
-13147 11074
12038 18185
17384 -12610
10667 -15813
-18534 -14914
-13341 22285
-16919 21185
16210 13992
-15780 13762
18015 -10344
-15970 13103
-9471 -18872
-13298 -14747
-16421 13845
-17872 -11577
-16831 11802
14234 -15583
13859 15933
-17245 17867
13219 20137
13805 -12251
-11153 -10905
13106 16772
14424 14653
-15756 -12183
-15283 -11973
13991 -10289
16483 -17234
-15375 -15501
16485 -16249
-13547 20000
-8043 -15209
14879 -12275
-16399 15865
14487 -11341
-14233 19865
16194 11890
11184 9246
-12884 15160
15892 -14601
15435 -17056
-16060 -12371
-13061 10595
-13815 -6219
14938 -11033
-13039 -9757
16480 -14819
-15371 18947
13065 -13641
-20483 -12893
13123 16071
-14002 -14928
16408 11103
-11436 13737
-13330 -11978
-17266 -19562
18656 -10267
15017 9180
-20156 12503
-16233 14137
13291 -16529
15881 12556
14596 -14967
-15838 16950
-16478 -16422
-17145 14452
11586 -11876
-13787 14923
-10614 14503
-14300 -17549
12663 -12147
-13575 16385
14251 -12481
-13260 -11697
-13849 -16922
-12643 13152
18983 -13374
9993 14164
-15534 -17722
-15993 -16066
-7580 -12416
15054 15423
12965 19853
-15947 16056
15079 -12148
12435 -8067
20519 10911
11795 -13005
-15386 16621
18835 12433
-17551 16548
-8470 -19929
12963 9451
9172 8311
-17567 -12635
18106 -16375
-17741 -15178
13257 12462
-21249 10914
17269 10094
14785 12192
-17599 -14899
-14263 11565
10804 10901
12560 21850
11898 17091
-18195 11719
22550 -19729
15395 -13270
-19671 -16454
-13610 -17233
-10472 20649
-16304 12589
-11034 15658
-13538 16995
-13088 13136
13137 14968
11240 17971
-16015 15886
-10212 17750
-9601 15830
-14509 -9788
-15316 16561
13610 -19138
-18701 12286
-13565 9031
-15852 -15212
-14715 -15038
20565 -16021
13350 15709
-14962 11520
-17042 -14719
17218 15761
14578 14774
10856 18310
-14912 -15976
-9867 -15234
-14040 -15524
-9163 -13809
-17267 -15716
15581 16845
11039 -18142
11773 -17388
-16998 -16888
15868 -22197
16552 -13455
17034 13793
-14773 -18741
11584 20480
-14019 13535
-15661 17052
16234 13281
-15878 -15839
-12902 17739
15857 -13697
13664 15475
17131 11813
17331 15831
-17012 11435
-7602 -14679
16215 10951
-19060 -15433
-12493 12222
14994 17988
-17253 10286
-12659 -11523
15802 20255
16011 6743
13599 -14295
-17958 16819
-5611 13634
-11590 12026
-15940 -13796
13007 -12363
18343 -12702
11783 -18324
-16977 -14893
-15068 16198
14958 -16919
10717 8803
14708 -12602
12685 20366
-14343 -16691
15069 -13353
-18700 -12948
16371 -12550
14284 -13578
14083 -16268
-10017 -15010
14411 -5386
17076 9388
14019 -12907
-11676 16627
13305 -19178
-18170 -12230
-15043 16667
11074 -19610
-11304 19600
13924 15508
15401 14859
13843 -17689
-18294 -18350
-11495 -18170
12916 -12357
-13332 -10309
16271 -15725
-12874 12420
18355 11744
-18863 12665
-5276 11512
15840 -11951
9601 20548
11060 -13618
-13554 15348
16873 -13177
-18700 10317
-14397 -14866
-19588 9200
-6028 -18983
14924 -11199
14696 -14051
16828 -15821
15885 20436
-11927 13024
16046 -17275
-11487 16067
17994 14768
-10986 15648
14780 12310
12476 -14229
16477 -15457
18910 -13828
14380 11667
17827 -18872
11408 -14224
-15548 22047
10207 12442
-14262 -17523
-15828 16685
14778 12961
16249 -9319
-16723 11922
-15615 -19072
15197 -12270
12449 -15601
8642 -12323
-9839 19207
17219 -13227
-11121 15868
22779 16495
8982 -11530
8425 12477
15372 10010
12457 16825
15409 -13351
-11886 -14161
13813 14428
10042 -15574
-13037 15637
18483 13782
-14059 13065
-9163 11977
18905 13822
15230 -12690
13366 -10596
-13319 17975
-15475 14572
-15463 -14814
-13277 -20026
-13508 -12853
-16599 21635
-13650 14164
15486 17739
16685 -14930
-25177 14306
12670 -12902
-18955 15749
14034 12868
14489 -12733
-12382 -10534
17680 19383
10528 8703
13947 17640
-12807 8811
15808 10562
-11355 9523
17129 -15582
10893 13196
-15166 12701
14539 -17876
-17379 18737
-8212 -16145
16907 -15895
-19211 18391
19334 -19672
-12851 -11596
-9683 19554
17328 -20227
10743 -14491
12225 17424
-19333 -13105
-12770 16413
-17248 -16086
10083 15144
14761 -17022
-19272 -17348
-13497 -14877
16793 17720
-16452 -18898
-18233 -20496
-12144 -11356
15160 -11473
17239 16637
12752 12475
14488 18907
-14311 -19418
14256 -21131
-15554 -17777
16776 -13954
-16758 13276
-11833 -13741
15682 16263
8683 -19240
-14196 -15724
18274 -10042
16075 13923
-18201 10744
-15126 -16347
14328 17309
15369 -8528
-14284 -9461
10826 18595
-13429 14495
-10840 -14735
18503 -14113
12170 -13745
18483 17994
16132 -10298
-12355 -16288
12425 -19573
-19950 -17269
14515 -11734
14818 14695
7025 -19514
-17593 17373
12075 -23155
-12646 18391
15545 14898
-10691 -18967
-12591 13110
-13528 7540
19988 -15065
-18031 -12621
-12100 -9347
16231 11918
-12205 -12684
16818 15760
22553 -17917
13811 19124
-8027 13911
15197 9881
-14341 -14537
-10575 11632
11494 -13852
-17251 19401
-12483 -14387
16537 -15069
16136 9681
-14163 10287
18880 11329
-9610 -12951
13980 13572
-9419 -14817
13244 10166
16843 -12326
13800 14929
-12263 10297
15165 -13194
14332 -12493
19968 -12721
15324 -17346
-18222 -20584
15412 -13489
12202 16620
-10969 -14982
-14345 19639
-12948 17931
17933 13881
12151 -19307
13399 -18637
12163 -13383
11787 -11127
10961 -13770
12799 16123
12286 14092
9068 -17117
14168 -11449
8029 13453
13340 15052
11489 -12322
-14545 -19241
14551 -13596
8253 -8376
-15349 18779
11734 -14031
-14858 -15485
15276 -11901
-21647 15447
-11988 -16086
12963 -13382
14498 -6846
15072 -19178
18108 16121
-16395 10701
15349 17854
14552 11005
-13911 16506
-15308 17186
-16316 10075
13623 7825
14789 18926
12696 13653
-12942 -18146
18138 -16367
12017 21901
-11115 16393
14997 -15125
14714 15205
-14301 13810
-12799 15982
-11086 -14520
15063 -9721
17179 17144
11642 -12902
-16491 10362
-12512 -17104
10040 -12660
-13124 13025
15082 17030
16561 10363
-19743 -15574
-17643 20497
11250 13030
-18645 -14274
-5020 21225
15824 10365
17387 -14985
-13154 -14882
-15720 -10765
-18791 17698
-13546 -18977
-11301 -14151
-8025 14604
13966 -17382
10205 22358
11085 18208
16213 11412
17786 11758
-19907 8307
-11040 -14132
20444 13021
10036 -16101
9185 16189
4319 9993
-14327 -12484
-16920 12327
-16608 -20701
-15435 -11948
-11742 -16009
11406 -16838
18780 -13679
13556 12673
-22465 -15570
-9350 12511
16679 -18254
17853 -19045
18013 -13100
16032 -7655
12603 18763
15620 9552
-16191 -17283
-18212 -11203
-18757 14599
-9687 -17423
15084 -10294
8880 20260
-13424 18442
11826 7246
-17697 -10572
-12105 6574
-12342 -23629
14540 -13405
12643 15200
12963 -15356
-19047 19107
-13729 -13873
-8719 12823
10975 12386
-19545 11162
19114 -13695
10562 14495
17391 -22454
11452 -9029
-12659 10070
17176 -11688
11108 -17172
-19619 -9078
-18593 10652
-11050 19952
15272 11311
13574 16417
15639 10499
10965 -13293
-13150 15349
13702 8326
-17091 -16346
-8763 -6316
-13629 11400
-14213 -11604
-15657 13374
16164 -20248
-21207 -11153
-13017 -13836
16637 11114
-24606 -13637
-8875 16400
9740 -18201
-9860 16884
13739 8814
-16689 -12169
-8737 11261
9533 -15267
8644 15703
-14775 14004
17017 4355
12567 -16982
-20183 -5927
-12946 11446
14748 -13243
14570 11475
11220 -12012
-14059 18784
-18932 8322
-8038 -14888
14538 15661
12838 -17061
17461 -14817
12430 -12890
15976 15646
16605 17299
11633 15744
16009 9488
16909 19069
17578 12101
18440 -16556
18453 -11791
9718 -13502
-19452 16402
16496 -18676
13153 -11450
17151 -15651
14438 -10302
8398 15040
-11598 12075
-9081 -14392
-21051 -10333
-14981 22635
18521 16444
12340 5692
-12672 -17993
12853 -11691
-19780 15907
-8149 10360
3631 -12295
-20779 17431
-11656 10390
-7457 11335
18609 -19456
9428 -12201
14564 16648
-18073 -16506
-12069 -11972
13039 -13174
12205 -11722
22273 -16349
7028 -13441
-13397 -15470
18065 -9319
12302 9137
-14367 -14005
-12390 19638
19584 17474
3772 13086
-20715 -18159
-18172 -13520
-12025 -15987
-15823 -15763
-16396 13576
-17225 -20748
-13280 -9236
-17346 18239
-9444 11758
15832 9824
-17010 -16971
-15313 -6792
18062 9226
11864 -17637
-16002 -13917
-17992 -17120
-20247 -8477
-11549 11053
22004 -15972
10896 20254
-16863 -17281
20753 -16901
11498 -11270
9421 15544
-12352 -19716
-10572 -10549
17541 -13000
6503 -13888
-16474 -13333
-8937 19505
-11212 13239
-10354 13041
-12834 -17523
-13095 -10695
11524 -14577
-14108 -12732
-13911 21508
-11091 12374
17713 -14836
12333 -10773
-11316 -11829
13721 -8866
-16104 21373
-9052 18415
13950 15181
8472 13736
-16919 11130
8163 -13091
-14862 13145
14090 -16420
12741 18587
8270 12472
-12007 -13767
21306 12840
-16501 -19243
-10187 -10550
-13281 19200
-16267 8973
-17704 -18880
-7399 -12256
13588 -13521
14680 -15995
10605 -17981
11528 -4106
12911 16409
17804 -20650
-19194 -13217
-10010 -7021
8058 11620
-14435 11877
15484 10093
-13647 -11928
-9635 13481
17591 12183
13015 11044
-17243 -11802
-12179 13118
-13501 11262
-7646 -15195
11911 -8497
-19276 9607
-8662 -17615
13410 -12425
15025 -17891
11979 -8478
-18553 19106
-13378 18051
-14560 19048
10658 6941
-11471 -16217
19018 -6397
-17471 15493
-6222 16189
13714 17338
-13218 8897
11970 17023
-9576 10789
18355 -15831
15253 14798
9222 6075
-15085 -17610
13752 -12502
12960 -18095
14344 -14789
13223 17597
16226 10886
-12295 17972
-10928 8673
20245 -11826
11837 5344
-22535 -16495
-9943 12891
17999 -12706
7699 -12420
-10610 -13579
-11131 -12204
-11161 -22383
-11981 -13922
15888 19362
12904 14395
9295 11479
-16619 -13542
9563 15998
-15258 -13471
-16250 15255
19429 18602
9773 14326
-20129 -17477
-10574 -11260
12035 17707
-18350 10112
-10676 -11750
17478 13426
13611 -13483
15326 16864
20139 13465
15927 10735
12004 -13995
15503 -11959
-11488 11320
-11286 -15514
-13307 -17100
-9937 -13663
-15471 18247
-11567 10878
12761 -15929
-12415 -8577
-14193 -15854
8478 18467
13547 9426
13709 9129
-18680 -18199
-7651 18869
8295 11188
-7185 -16165
17724 8894
-12687 -19457
10124 15641
7586 8023
-15598 -19837
-11619 -15252
-16159 -12186
-17252 16041
-13831 13118
18949 -14830
18568 21784
11922 10490
13772 -17035
-13878 16104
18375 12010
13512 15738
15385 -14850
10639 -17023
-17948 -8926
-13522 15755
-16019 -12542
-12038 14761
-17965 18014
-10094 -23393
22710 -10392
12836 17515
-14869 8864
19210 -14380
11850 13813
13270 18271
-13182 14786
14525 17614
-19031 8334
-5990 -15996
14181 -14589
7917 -17373
15196 18532
-11762 15683
18796 -14572
12410 18513
-11881 19509
12696 10624
-17807 -17273
-10878 -6802
17873 16957
14481 -19727
13657 -11279
5238 13808
-15429 14079
16880 -16541
-9561 -12657
-14208 11291
15533 -10616
-18654 14169
-10989 -10931
19309 17957
12472 11081
-15492 12496
15627 17170
-16516 10250
12100 11139
13352 12307
11641 -19177
13469 -15879
-12239 14479
15461 7709
6267 10131
-20701 9307
-8768 16895
15134 11633
7110 12443
-15609 -16742
-9624 15499
12758 7487
-21183 -18431
-15947 -10264
11103 17995
11958 10644
12447 -15486
17794 18800
18211 14604
16623 -11408
15050 12848
16404 7446
13598 -14805
14832 21856
-14316 11011
-13976 -17286
15089 -10126
8187 13195
10976 18477
15744 11099
13872 -15879
11770 -16001
-14437 -12236
15713 -6638
-13095 19625
13765 -20811
11232 -15157
-16857 16893
-16342 12722
-12570 18162
21013 17313
-21307 15388
-15085 11111
-13669 14751
12679 19920
10852 16899
14346 9246
-16584 -12988
20203 14976
17551 -8072
-9937 18782
15583 -19619
11309 -11931
-14282 18968
19626 -18142
7943 -4592
12691 19035
13440 13381
15616 -14781
17797 -13629
-21524 8770
-11145 -14272
19079 -8749
5172 14312
-12996 -19553
16085 -10547
13811 -10957
-18165 15984
-11228 -12016
-10700 13307
12765 -13950
10736 -15334
-24220 -15445
-7018 -11302
12309 13507
-14189 -21308
14416 -16805
-19357 19377
12038 16277
14423 -15273
9466 12376
-19794 -15465
-8789 19675
11554 -14219
-14237 -15758
18398 18529
15416 14852
17791 -17650
19006 -10503
-16336 23410
-18182 16708
-18677 12532
-9207 -21151
15869 -17866
-11929 -14885
17927 -12760
13877 -8645
13177 19043
8476 -22169
-15594 -10704
10761 14983
-17078 -11954
18633 17953
-13739 15491
-11207 11958
13873 11486
16265 -15900
14446 -8950
-19612 13304
-9900 20682
20887 12715
-16002 9551
-13456 -16481
20416 -13872
16417 -13615
17126 -13563
-15788 16305
22213 -13451
11376 -15942
-15426 -12180
21123 15347
5940 -12269
-11434 -13786
11872 -11236
-17845 17127
15529 10936
-19702 14197
-13465 -18497
-13069 -15351
-12013 13605
-11802 -18699
-5910 19829
12838 13891
-18674 -13355
-9491 23286
-17570 15348
-4940 -16887
12032 -16949
-11247 -18013
16020 -11860
-9961 -9183
17375 -20002
13191 11638
13274 -13570
-13296 20206
15343 -18957
-8693 -16153
19746 -10821
13255 -16465
13119 -13891
-14060 -21057
13770 -9540
14679 -13662
10351 -16468
16009 16522
-16695 13994
-17814 14013
-16582 11702
10129 -14517
-15665 14880
-12978 19161
13567 13963
9913 10383
13695 11456
14641 13888
11462 14015
15508 6086
-14899 -12224
15714 9667
-15569 -10276
15567 12603
-13889 -20230
-13935 -14643
-11420 20758
13529 11129
-18402 -23493
14256 -12753
10818 19394
9601 13290
-9647 -14795
18267 13850
-22652 -18062
-13296 17780
-16078 13941
-14804 14100
15059 -16095
8147 9653
9302 9514
17211 -19462
-17372 -11098
-13017 19042
-13493 14308
-12823 12115
-9937 -15747
-11418 16928
-14963 9105
-14042 -11515
15087 14820
12147 -10724
-10395 -12394
-13991 -17222
17745 14633
11703 -12460
10504 -16310
11315 -15003
8954 -16284
-21490 -15340
-8522 -12303
14411 18974
-12670 14050
14521 6967
-17677 -16945
-15517 16551
15986 10732
-19730 -15842
15158 12211
17315 -15971
12735 13099
-12538 13063
13557 11475
-10605 -16996
16081 -5727
-11051 11439
14155 -16323
-14160 -10779
13209 14705
11004 -18003
14109 18580
11144 -17839
8917 14837
15339 -18092
18091 -16417
-13146 17504
18868 14644
17295 -15464
10469 -14220
-23755 14825
16784 -19304
-15222 -8135
-15410 -16276
21074 -13475
13538 -11667
-13321 17062
-14604 16601
-13994 -21121
13957 -7516
-13887 15021
-12573 -16040
18679 18011
9516 -16121
-11512 -13853
-15742 12862
-17114 12547
15256 -13742
11229 14121
13388 -18852
17549 20123
7289 14860
12144 15730
-16819 12452
11117 -10211
-18820 12623
-15620 -14285
-14198 -15776
-18004 11654
-11727 11026
12969 -13214
-14291 17695
-12529 17326
16961 -15991
9095 14524
14169 -13609
-16576 -11342
19626 -12679
13023 -16406
12043 -13799
-9555 -15419
14883 19952
11450 10765
-13758 -12823
-8437 12959
17824 -13818
-12241 -10291
-13710 -16502
-8461 16486
16757 -11489
-15325 14867
14668 -15710
-8666 -12863
-20096 15794
-14169 -16481
15171 16359
-11783 -15954
15207 11691
-18588 -16337
-11786 -13433
10727 10893
11460 -11933
11455 12034
14397 -12898
14217 10905
6167 -14363
-14749 -11730
10243 -12426
-12093 -14334
17612 17573
-20162 -13634
16369 14238
11280 -12586
13329 19327
15582 12678
-10462 -16916
-10556 -15661
-14858 -15242
16150 14748
18637 13534
17589 16621
13690 14260
-12883 -16204
-13330 9938
15848 -12473
-14616 -14488
-12135 -16716
19380 -17172
-16346 -15011
-10997 -12212
18756 -12282
-18609 -9155
-15845 -12935
13611 16651
10836 15142
-17103 -14095
-15688 17185
-12598 -15384
-12264 15610
15003 14460
15906 14040
15418 10028
9894 -11917
10661 -18705
16576 7922
-15250 -12670
11715 17706
-17879 20340
15302 -12285
17326 14118
-21510 14926
20861 -15918
17634 14977
-17756 16414
13451 12382
-11839 -14832
20018 -9796
19192 10727
-18285 -11932
-16286 -13787
-15358 18558
-8471 18331
16128 20820
-10269 12000
20976 -19857
16815 -13645
-14397 15609
-13548 14261
-15497 -15646
-15533 10914
8684 15558
-15031 -11694
17123 16102
15169 7020
14972 14594
12741 11153
14596 -21342
-14556 -12049
14052 17511
-16300 13192
15677 14393
-16528 11746
-14975 17514
15727 14180
11511 -9461
-13656 -9731
-15721 13057
-14663 -16681
17030 16914
12981 12679
13970 -14871
-17413 -10532
15411 -16097
14201 -12993
15467 -9416
14285 14612
-15022 -17945
17514 -13390
-17667 -15136
-14869 14868
-15611 14444
-9129 -15471
17412 17642
-17215 -16563
-6321 -12224
-12757 -12234
-15190 -15169
14258 15999
18626 12736
11900 -16621
-14996 13622
16376 14681
-16641 -16764
13471 -12114
-13532 10280
-13721 14195
10491 17191
-17074 -7937
-13703 -11237
-13729 13150
14523 -13962
-16831 -12041
-12613 -17746
12179 -9926
-8017 22024
-12626 15186
-18123 13127
18296 -13863
11765 13834
-13958 13242
-18662 -18846
15652 -18783
-11720 17511
-12761 9639
-15948 -18647
-7588 17023
14032 13965
-16627 -16091
-5824 -13947
16716 -13741
-12296 -16753
14007 -11316
-15108 14678
12113 -17037
-18461 -13841
-8500 -11890
-16156 18310
15925 5607
15525 -10379
-8830 16663
12143 17545
-15636 14413
10956 -17037
9094 14305
-17797 7745
16802 9207
11580 7031
-15081 -14060
-11883 -13966
12625 18490
-14409 -14980
-16288 -16328
11572 -15074
12414 19509
-14682 19217
14942 -12774
10478 19411
-12633 12670
12678 9362
-13893 19298
16673 13794
-15240 17807
-15193 16115
-19691 14311
-11734 -11969
14453 15870
20312 -9672
14203 12762
-25658 -18611
-16786 -12619
17009 8366
14992 -13893
-15523 -13748
19979 -11017
-21994 -16535
-5837 -13046
14414 -13253
-10384 16930
13426 -14873
-9832 -9102
16612 9909
-19743 -13012
-10814 13718
-14418 -13415
-13490 13441
-16296 -14545
-12307 13178
11384 12339
-14110 -13927
13302 -16865
-16025 15414
-15882 -17178
12761 21620
13699 11463
9626 11134
-13365 18959
14118 -18394
9314 15636
-17136 12097
-9463 17160
14674 13198
-13040 -15852
-7969 15379
12632 11765
10706 -17879
-17639 -12176
17196 -9868
14383 14815
13598 10033
-6373 9349
11831 -11672
-17401 20014
-18258 -18251
-11830 17053
15623 14455
10686 -23955
9773 -9712
-7944 10897
8391 -19677
-18088 16609
16368 14414
11071 14565
16733 16262
12648 9288
-16231 18173
-13956 -18053
-17381 -11964
-14146 21812
12377 12171
-16261 -13075
-17609 16527
-13462 11691
-16404 15300
-12649 14604
17400 -12629
8375 14998
-15620 -20551
-12645 -17734
15730 -7103
11485 6107
-15989 -13617
25164 13053
12857 -13025
16263 21185
10890 7443
-25749 -9916
-7431 13019
16917 -13028
-22062 14163
-9796 -13276
19868 12149
5365 -7933
-14127 14145
9096 -12200
-16040 20122
-14256 -17008
-11059 -11627
15825 -14149
-16590 10301
-8353 -13180
16298 14872
-15205 -14062
13940 -12738
-7817 15997
11259 14585
-18431 -17369
17522 -12401
16595 -15934
7491 -9537
13379 11765
-17402 8206
-16031 19155
-11482 13104
23345 -11965
10774 11882
-9108 -16421
13854 12006
-17112 -16476
16975 -16603
-14057 -10607
12961 14731
19365 14711
12483 8675
12253 -16504
-12317 -11657
-13495 -12200
-17865 7528
-18101 -20559
-16743 -13317
14206 -18817
-18377 -11851
13420 18492
-12599 -16874
12811 -8033
-18662 -10862
-13272 -15832
-11970 -8010
13232 10170
13137 -15227
15271 19114
11519 11507
10971 -14987
-12992 -17141
-16811 -7896
11421 -12371
-16029 -6811
-11802 15585
-19229 11847
-7762 10482
15374 11812
12533 -18804
-18493 -11780
13931 -14517
-9906 -8766
13635 19213
-8856 11806
10824 10265
-13275 -11992
18102 -20111
19238 -13076
-16639 18294
-13129 -14689
-17125 -6879
-11026 10749
19171 -13216
-11778 15561
15544 9911
10985 -20713
-10616 -10828
16837 13804
-19490 -16877
19914 -11911
14777 -16767
13979 -14888
20318 -14951
10924 14124
-15010 -16710
-6481 -12727
12895 12876
-21609 12648
-10597 -15562
14278 -10528
-18547 9661
-14778 16230
17856 10393
-10805 14551
-10950 -11309
-6448 -9648
15422 10573
-12649 -16754
18039 -13510
13773 12819
-19403 -18199
-9650 16520
14026 -10814
10004 13046
14071 -18939
16256 -13578
11213 -14266
-13617 -11588
9854 -13751
-18145 15837
16382 -17350
-13726 11265
13445 -15519
11567 -10005
20267 15156
8824 12778
16116 10776
7106 -22690
7783 -8726
-20025 16919
-14242 -21828
-16013 -13290
-15425 -18292
-12463 -13879
14000 -16154
5675 13221
-11093 -13285
20412 21131
12221 -12302
15677 -15715
13566 -18572
8391 -7611
-14195 -13532
18838 -13094
14327 -14097
10358 -13468
13808 -11233
17831 -9032
9958 -10772
21634 -15260
18222 -8259
-13709 18946
-12722 12817
-12798 -13898
11692 -16043
-12314 19514
13360 14333
15036 10302
-15163 -8889
12536 16487
-17974 9697
-18541 -22574
-13642 -12169
-12358 -17619
-11126 -16244
6915 -13636
-15229 12385
14963 15006
17769 16843
-11698 -18949
12682 -12773
-21270 18950
14944 18417
10915 -15997
-16427 -9799
-15632 15822
-12327 10700
-12721 14999
13217 -10649
-12898 -14204
-11604 -11028
-13180 -13995
-19321 -10376
-9530 18206
16819 -9384
-15144 -18002
-9820 -12027
-12447 -11405
-14830 20361
-16847 17603
16965 15747
13203 -15153
-12140 -11656
-13807 15528
-15017 12955
-10155 -13283
21824 10613
15667 12921
10542 14425
-16147 -14986
-14678 15839
14698 7860
12462 -15163
15070 14107
-19014 -16296
-11448 14019
12345 8323
-18680 -22097
11591 -11689
-11753 18900
18167 -17875
11396 -14717
9770 19387
-15128 12057
18813 -21473
-12504 17478
11725 16607
-20454 16341
-10486 9124
13627 11932
-14079 9004
-12033 20544
16888 15438
10706 16085
-12523 -18092
23432 -11999
12578 -13116
12308 17718
-17887 9958
9722 -15689
-15991 -16364
-12690 -13994
-10633 13339
14458 15058
14801 11984
16877 13754
7213 -12386
12242 -14832
15270 -12545
9894 -7804
-18435 -16515
-12239 -18685
-14565 -13070
16113 14257
-17466 -11116
-14323 16306
-14351 -17013
13113 -13392
-6461 21769
15162 11559
-23161 -13696
-14978 -18625
18729 -15464
-16146 -16146
17769 -11192
13829 20072
15427 -18235
-16667 -14110
-12982 -14851
16134 -12739
22510 -16633
9434 -13519
-14636 -18428
16302 -15422
12853 12795
-22107 -14651
13357 11834
16054 -12739
13112 -9091
-15544 14836
-13888 6872
-11006 -17596
11599 15033
-17751 13836
-14400 15704
-14902 -15546
-19905 9437
15907 -13558
17813 -14458
-15388 16493
15414 -16505
16721 17678
-15757 -15168
-15212 17629
11005 -18013
-9943 -12544
-13469 12343
13162 -18213
13524 20214
16617 10790
-16109 -14301
-10287 18022
13296 -13308
-16490 17412
16623 11727
-15186 -9202
-8463 19202
13128 -16427
-19301 -11865
10091 17452
-15320 11122
17267 11920
15866 -18262
12088 10529
-17295 -15030
23396 13590
17150 12576
-13075 -18411
11182 -16315
-13345 -18141
-20778 13960
-11253 -12059
13241 -16259
-14724 -8746
-8986 -13312
16509 -12612
15006 17201
-16141 -20578
14463 14028
-12225 -20226
14200 -10213
-15498 18288
15457 10680
-21104 -11512
-8756 17924
22957 16500
-14467 -14066
13486 20253
-16948 16363
17730 -18748
-16842 -14339
13334 -12650
17155 17378
12513 -16660
-13934 17479
-10796 -16608
13472 11962
-13097 -12292
14097 16675
-17858 -15337
14784 13240
13328 -15818
17210 15833
15548 14764
-17169 13404
-14159 -11893
-14129 9703
-12041 17297
-10023 11009
16154 -18128
12494 -14576
-17343 14194
-13646 -12632
17131 11785
-18164 12169
-8698 10733
-15770 -14667
-12616 16205
-11132 19770
14823 -17134
-12872 -10060
-15446 -8008
-12673 -14194
-16855 -15047
17038 19042
-14715 -20185
-19543 16112
-12449 17462
-13364 -20468
15691 -12348
-13232 13255
-16789 -18903
-9194 -14269
17774 -13463
-17730 15576
17904 -10355
17635 12909
7803 -15119
-17112 19580
-14624 6736
-12236 -19131
24808 20884
12977 -18171
14905 -13297
-10357 15342
-12117 -11743
13551 -12413
-17149 -10414
-10475 16758
-15738 11515
-11719 -16085
17205 -12174
14987 -11623
-14237 -14336
-13503 13119
12886 13381
-14808 11749
14058 -18317
-15577 13891
17315 14888
8497 -20967
-13402 -14460
17015 21570
-13372 13605
-11515 14578
-14361 8636
-16321 19164
-7251 15492
11134 -15469
16673 16363
16526 -22434
11912 -15377
13509 -17880
16777 19058
-14788 14205
-17005 -14415
15135 17201
-15369 9458
-12667 16433
-15037 16326
10633 14025
-18224 -12543
-11704 -12990
15598 10487
9584 -13919
-17508 -12683
18270 -15266
-13041 12121
-12400 -15316
-18118 16293
-12070 -12764
17502 10700
12150 -15828
11414 -14926
-11808 -12002
16911 -18157
12019 -20406
17083 -10881
-22054 11353
-13892 13833
-14276 -12166
13820 11937
-21858 -13299
-13074 -13201
-12350 -12487
-8835 15943
20912 -13953
13564 14704
-20527 -15879
-11591 -5645
14732 15716
11894 -15484
-5194 16905
16187 -17573
-15943 -12746
-12938 20460
18102 12137
16391 13442
-10290 -17874
19282 -8294
5067 -14148
-11480 -14872
13927 17751
-19341 16393
-10164 13388
11479 -13500
-13979 -12893
13867 17542
-17088 -15525
17207 14902
9957 12523
-12948 12082
20004 -18985
16811 17449
12615 10014
-13887 -15454
16874 23197
-13576 13160
-15553 16937
