0 0
-13361 22033
-12846 -8246
-9122 -12248
-10470 -9953
-19517 -18107
11266 14251
-2665 -7805
-15846 1798
-15224 15259
9712 14840
17984 19704
-5469 -3993
-13605 -21863
-13984 14009
-14622 -4632
6079 -16709
19775 -12741
18996 -15903
-13996 5258
1285 14544
16949 9856
9891 18710
15812 -10794
-10491 5705
-15484 -7321
-13995 -17240
1614 -12001
21980 -19097
-8300 -11843
4764 -19203
17419 -14843
11249 -17951
16108 4138
-5183 15649
-16035 -9128
-12516 -14861
-18665 -13518
-13117 -14296
-10152 -14301
-17443 12067
10140 -4488
-1244 -18775
-16940 -16162
-13285 -11897
-13358 11094
-7772 20230
-21316 -10321
4606 -12598
15514 -18282
-9984 9432
-9405 12435
-19900 15035
10054 -14295
-7965 12328
-15271 -5473
-12157 4776
3278 13594
15806 14122
11485 13332
17592 12280
-11338 18563
-14934 -12110
-12965 9502
8015 21722
14210 -4478
11324 5896
15913 17279
12883 -10492
16523 -8867
11286 -18044
16774 13717
-8154 -11120
-14222 5090
-16907 19624
14514 -11938
-14496 12866
13281 -7917
-11077 -23382
6034 15909
15640 13257
14099 9686
-15867 12658
16302 16783
-11095 16618
15184 -15368
18913 12071
14366 18508
17447 -9663
-12365 -16762
8335 15461
16567 -10135
10769 15673
-10417 15662
-15294 -16731
-18135 8615
4664 16131
14849 8393
17780 13638
-9559 17779
-16994 13661
13534 16279
-8999 -12960
-21183 -11900
14535 -12814
19034 13553
-10773 -12499
-11873 -8301
-16297 -18028
-14837 -12790
15467 -16630
-12792 14692
-13680 14808
14796 -18188
11968 10826
16819 16364
-13727 18058
-18874 11163
11683 16649
23504 -14278
-15620 15878
11512 -15599
9736 10953
14763 -10593
-10626 -16892
16429 9041
-6862 -13487
-19469 -11075
14711 -11531
13922 -17347
14121 -14757
-17551 -16650
-13561 13814
-15783 12732
19641 13170
19273 -13607
11936 15437
19601 -15754
-9841 -18857
-12074 12506
13470 -11368
14326 13085
15226 -14914
-17104 12903
-16167 -16413
-18325 -8183
-15666 17504
-15245 13697
15751 -10788
15908 19363
13770 -15745
-10428 10669
-15117 -14031
-16343 -10003
15161 13735
-15283 -13476
9993 15771
-23116 4496
-10680 -11509
16127 14951
-17943 -19355
19919 -16837
15080 -20203
17860 10900
12700 -10969
-19904 12960
-8289 11273
10840 -16283
-17677 17797
-8972 -14933
14577 17010
-15621 11691
15260 -9309
8699 12015
-16548 -16799
12208 17521
-19204 -12998
-11250 -13697
12988 -8792
-19175 18633
-11421 11262
-9286 -13194
-15069 12162
14876 -19449
18070 19365
11905 14206
10184 11405
-12952 -18294
14247 -22916
-16529 -7349
-18191 14301
-16114 -15856
10967 10418
-19715 -17377
-15558 -9530
-6460 -10685
10345 -6241
-14195 17312
22108 10673
11689 -12323
-16184 -17573
-13307 -7341
-12317 18322
-11185 11399
19007 -18610
14416 -14192
17294 -12698
8858 -10382
-18064 -18349
-11037 -7092
19193 13884
15986 -18321
10540 -4180
-12724 12204
19556 -17383
13285 -12247
-22762 -18077
-12658 -7161
11136 13206
-9315 -10964
12877 19243
-13493 13776
-12160 9145
-13689 12736
-13203 7915
22511 -16993
15476 -10922
13595 -12455
8455 -15014
19790 -10741
6812 -10652
-15350 -16600
14161 -16603
13265 -11245
16828 -10309
8088 16547
-12881 3445
13867 -4525
16531 11236
17697 -16686
15414 -4708
11140 2653
16472 -16726
11347 20387
-17988 11315
-7982 -12788
21153 -14654
7711 -10390
-15716 13116
-13125 -15047
-16673 -7113
-12294 18173
-18611 17132
-6569 9805
10545 -15960
5725 -25878
17424 -10280
15781 13155
-6400 4869
-9604 11790
14956 -16844
17795 -11488
11783 -11348
12824 -15399
4039 -8208
-13457 10219
17551 -16447
16437 -6093
4126 -14761
-22818 -13380
-13537 -10130
-10786 21424
8084 11189
-24254 -12658
-6843 -8075
10366 18632
-14297 10216
19217 -17522
12274 -16719
5818 -16599
-16901 -4349
-14974 11842
-17808 -12736
-12525 14551
-12111 13911
-10932 3919
20913 -18397
3300 -18020
-3087 -6783
6510 13895
-9220 -16929
11824 -20920
-11451 -4986
22780 9279
9511 -18689
-13261 -10187
9948 -12573
-23564 -6878
-10314 8190
18520 -8440
3279 13467
-13953 -18072
21227 -18530
14689 -19283
15582 -6144
10910 6722
12749 -8701
7481 8153
-8231 -10527
11226 12981
-14552 -20407
-15281 -11004
-16834 26436
-2040 16368
10865 15435
-14956 2348
21396 -10750
2316 15392
-11420 17190
13834 6933
-19607 -8720
-14438 8075
12732 -11335
3443 8983
-12629 -5886
20836 9464
5842 -21745
-14734 -11096
-11050 14053
-12476 -17270
-12800 -24772
-23725 7189
21775 -20562
5239 -6992
-15732 15854
7756 -22133
-10881 -13607
-4425 -14079
-12454 -16816
14328 -5198
-2889 9321
-8313 -16920
19020 -7205
6749 15776
-17996 -22390
-10559 -15245
21845 -9768
8986 -14116
-11439 -16020
11207 -15615
-22312 -8774
-14545 12735
-11508 9311
17980 16728
16552 -15256
18047 -9799
17455 8610
6806 -14523
-5386 3007
-21850 19407
19009 -15877
4209 -8920
-6263 11130
15351 6013
13245 13806
-4563 4246
-17752 13765
-10781 -17264
-17915 -10699
-5173 17640
10042 6560
-11243 -17733
9428 -20848
11926 6760
-6604 -1534
-10983 17741
-1803 24359
17861 -9245
-8045 13927
-7973 3315
-12877 20440
15956 8944
-22483 -8815
-6129 9281
12219 -12824
-17571 8165
-1489 -23258
14128 -5191
11746 20707
16148 13387
12786 3725
14316 -11557
9034 14883
-17044 -14183
-18319 863
1473 13838
14042 4651
16261 -11360
-9067 14056
9912 18811
-11140 6075
12344 -11633
-20927 16771
-3652 -17651
14532 -17386
13293 -8086
13455 13806
16608 -18849
11324 -11508
5901 15295
-13522 8102
21206 -14852
17314 18287
9203 8224
-10524 -13825
18275 -10708
14247 -9026
13197 18394
13072 11956
8105 16623
-13604 15858
-10127 10129
-17117 -10443
-8263 16457
14585 -16677
13927 -14763
18359 -8436
-17481 14635
-13915 7882
-11988 -12658
16259 18252
15106 -12028
12175 -7569
-14773 10012
14150 -11400
-14733 17669
18004 13596
8628 11741
-15397 -18855
-11387 -11713
20374 10861
10317 -14482
-13187 11394
9976 -9072
-15985 14214
15864 -8145
11670 14433
16055 -20219
-16568 -14680
-13935 -11348
-8851 -17631
18255 17604
15327 11687
9048 12245
11047 -18313
-10617 18112
14721 -13384
15305 14604
-14008 13635
-11221 15448
-14975 -18735
-17237 17699
-12701 12389
14094 6981
9689 -8338
-17095 13593
13552 -16247
10878 -14313
12497 22720
-15091 12868
-15747 19243
12220 9014
-17012 16900
14985 14135
9990 -16646
-16750 14766
-14271 11238
12971 19457
-13434 -14138
-14744 -18600
-14460 -16752
-10742 -14276
-13235 15275
-13886 -15848
-14254 -10009
-17217 -13338
-13112 -13917
-18339 -13141
-11271 14387
18411 -15873
-12060 14459
-15658 13910
17110 13322
11489 9112
-14472 16496
-13626 -13208
14233 12927
-14448 16382
17341 -12974
-17703 19134
-13625 14712
16647 11478
-15055 -7707
-10889 -15550
-16619 11484
12621 13398
19109 -13067
9286 -16263
13042 -14912
-15189 14967
11854 20386
16718 -16635
10302 13169
-15827 17830
13143 16337
11725 12199
-16353 16555
11081 11819
16203 14042
-13632 14368
-15763 -14800
12098 9937
19379 12743
-13104 12855
8638 16058
14179 17005
14173 -16367
-18958 11484
11353 16710
-16856 14419
-19846 13351
10407 16557
13807 -8527
-20019 13629
14024 -13737
-15073 -11382
-14289 15089
-14303 17134
-15344 -6962
-10339 -15212
-18874 13674
15654 -15892
-6400 10459
-17086 -11274
19099 -18350
-11792 20542
14375 12463
-17667 12916
11452 13658
20503 12551
14223 -17371
-19505 13851
19121 17644
-10157 -10750
-7139 -17023
-11412 -12599
-14568 -15770
-14322 11451
10556 16334
15003 -10819
-10669 7907
-17391 13747
-11793 17456
-16088 -10351
12443 -18984
14719 8323
13975 15051
-13219 -9826
-15848 6242
-13888 14938
-10110 -17013
-18412 11354
-14507 -11824
10378 -15170
12627 -12365
19111 12717
-18141 10239
11696 9604
16975 15013
11015 -18283
19696 6486
-12047 -12388
-15115 -16232
-10294 -17233
-19960 11663
10950 -15003
19057 10788
18032 -9264
-10323 7760
-18949 13151
11554 16350
14619 -11210
-13731 -20125
10016 -16235
20010 -17626
12261 8924
12136 -14042
-10966 -18284
-14362 14533
-17683 -9617
12444 12308
8262 -15301
11981 15865
8588 -11553
13299 -17237
-15072 14454
5095 -18058
18037 10353
-12149 -11057
11608 -21600
17709 18900
14642 -12818
12011 14519
20236 -8013
-13473 -11994
-23233 -15497
16024 -13534
-8529 -12345
15691 -11954
-11872 11614
-17002 18860
8763 20653
16281 11382
-12741 15257
11553 -11482
15536 -18993
-17824 -15841
9711 12673
16562 -17591
13983 11380
12634 -14816
-11736 3177
8053 13930
14887 -10646
-11734 -13657
-21467 12220
20305 14404
-9592 16973
-16521 -16073
13293 12586
8589 -10679
10733 -14504
21163 -21244
-12582 12752
-15434 -5644
11000 -14548
17738 -12480
15606 13534
-18349 -10762
-18372 -18336
-12023 9880
-21399 16192
14328 -10032
14651 13573
17365 15034
-7904 17139
-23007 -8557
11667 -12931
-11026 -11807
10902 -14369
-16732 -11726
12258 -15151
13644 8799
10018 15072
18400 8492
-12221 19313
-19484 -16446
19042 -16932
-9522 -11700
-12822 12106
-14981 15184
-13463 -9599
16156 -11327
-6131 -15262
12249 -14952
13733 -19824
13607 16304
-18268 -13313
12848 9839
-7452 13820
-16965 -12928
-10469 -19471
11395 -12732
13641 -14005
14056 -17327
10357 15527
-10886 -10327
-18365 -21436
15190 -14982
13057 11665
-16049 13986
10044 13329
14946 -7288
-9891 -14625
-16350 11249
13089 -8981
-11629 -14253
13107 -17477
-11497 -11250
9664 14467
16101 10519
15330 13810
12537 15344
-17006 -15153
22902 14911
-13689 15517
12215 10105
-6609 -11577
-18469 -12125
-16800 12814
-18487 17579
12255 -18984
-13912 13558
20914 19007
-11680 -16032
-19068 -17735
-10715 21715
-12088 9439
13578 17315
-9212 -12546
-15633 10857
14408 14524
15161 15042
17280 -15654
-14502 -14872
-19616 20223
10489 -11368
21265 -10643
-15744 -9054
9839 -15585
-15245 -9690
15734 14493
-13888 21052
12392 13173
13284 12041
12267 16550
16271 18950
12863 -13420
-16742 10215
-18071 -16552
19698 10845
15229 -15926
-17338 8989
11597 12792
-16567 -13498
-13032 -14719
12731 14584
12871 17653
-20434 -16324
14328 13466
-11013 12823
-13734 15405
10670 15334
15177 15567
15143 14063
-13389 -18357
-21994 -17020
-13572 15559
17774 -11045
16459 -11973
-16505 13665
15946 11560
-14812 15859
-14215 -15140
-11055 8253
18321 -9906
14399 13364
16786 -18787
-11482 11512
-12950 15978
17666 10844
9756 -17478
-16912 -15434
15844 10073
13812 -13393
15789 -9836
-15817 -10290
-12504 -15685
-12809 15378
9135 -12274
-12175 14540
-7847 -11322
13971 -18506
-15955 -13495
9683 12409
15625 -17343
-14568 10971
-12845 -16110
-12066 -14775
-13384 10305
-13864 15032
-9685 14114
-12849 13117
-11551 14979
-17715 16312
-9750 12097
20249 -8602
-12379 17413
-8862 15710
9495 16239
-20085 13801
18594 -19648
-16775 -12701
-16828 15450
13958 15780
15766 -13989
12264 14481
-15596 12151
16238 12356
13848 8799
6339 -12150
-19136 16866
17195 -16085
14630 18400
9507 -11333
17175 -12072
8981 -9960
-11813 15523
-11176 13734
-12922 18046
16797 -11993
16599 12536
-16747 6808
12045 -15085
-16341 10429
16427 -17759
-17810 14500
-10736 12441
15652 14341
13983 15546
-20163 -17250
-9044 -12424
13272 9767
15737 13518
-8014 12856
15945 -16402
-16081 -7549
-10720 10188
18123 -10520
12631 13177
14271 -19140
15698 -10387
14635 12385
12589 -16988
10895 -15078
-13772 -10868
19668 16588
13193 18857
-17732 -17219
-12768 14388
-18486 10179
-11438 14069
14526 -19847
-17778 -8880
-14519 10226
-14316 -10393
-13398 13751
19266 -16146
11653 -15632
18737 19040
11182 11534
-13851 -14242
-18005 9024
-13018 -11953
-8063 12686
13345 10981
-14059 -9153
-10191 15757
15611 -13453
11082 21945
11596 10611
-14064 15679
20126 14159
7125 -17494
-10862 17571
17909 17853
13292 8516
12805 -22791
9095 -14750
-12009 14524
-9954 -19651
-13020 -14167
-11893 -13077
18286 -18404
-13904 -11854
18361 -16461
13881 -15352
15453 15199
-16449 -18027
16847 -12530
13447 14018
15654 12384
14587 -14029
14827 17470
-13740 11007
-17706 -14286
-13662 17691
13357 12081
-14768 14630
-11809 7633
-13642 15589
13076 9694
-13063 -9779
11527 14248
-21243 -13684
-13323 12027
-18389 11608
-12880 16721
-14812 -15001
-13711 -10890
-16718 10216
-12206 -17332
-15489 13860
-16899 17887
-7493 -11528
15209 -9728
11041 9802
-16270 9914
-9160 -14078
18361 18823
13599 16350
-11044 -16313
15879 -14118
-21347 -12868
-12399 10513
16726 -15116
15730 8499
11208 -14172
-16053 -11763
12015 -14422
-13451 13039
-11894 -12679
19545 16224
13437 -15013
-14584 -12494
19590 11988
-10500 -14294
15889 16207
16764 18951
-16756 15330
-16288 -14976
-8673 10897
16768 8583
13003 -15015
11764 14075
-17386 13039
-14805 -19544
-17373 -16738
-14474 -15750
-12722 -12872
11672 15548
11759 15895
-19351 15630
-14225 13889
13849 17027
-15215 13154
-13597 -12095
13977 15020
14196 -16312
10629 -9299
-8078 10433
11190 -16353
-19830 -16157
19553 -12634
14312 -9436
-13768 15165
-13900 5205
20352 -17718
10620 12639
-19348 15835
17066 14566
-13278 13051
-13656 -13656
14283 17216
15408 -15484
12839 14188
14109 12209
9460 -12518
-14583 11813
17307 14955
11926 -14265
12737 -13768
-14029 16827
-15149 -9832
-9171 -13348
15240 15947
-14167 16907
20195 10138
11999 16737
-15406 12471
16297 16640
12542 -16430
-12445 -9980
-16789 14393
-18570 18925
15446 18921
14981 14688
-16258 -10709
-15727 -14058
13526 -13995
18167 -12657
13366 10932
-16677 16694
20093 -13004
15913 -13995
-16252 -14257
15472 19433
11143 -13213
14716 -13596
-13330 13880
-14812 11415
12679 14391
12536 11238
-14614 -14275
-14518 16614
13429 15248
-15249 9938
-15515 -11524
10019 16910
-12020 11579
-16138 17612
15338 -16584
15761 -12799
12016 -13218
-12702 13331
-21592 10852
17970 10930
-17389 -12717
13405 12640
-11912 14823
13706 -12305
15879 -15255
12597 -8855
14555 15344
-12918 14762
-9147 9513
-10266 -13641
-17505 -13330
14064 17143
-13223 -10600
-16259 9737
14030 14825
15135 -14892
-12888 -18036
11773 12373
10944 -10632
-13722 9879
-15796 14893
13980 -8292
18073 -8081
18073 -7713
-17130 -9440
16631 19347
-17370 -8335
10762 10544
15735 -16038
13551 14155
-13280 10658
11695 18321
-13292 -14462
-16293 -11112
-11110 -18720
-16425 15683
7076 -22545
12448 15166
-18066 11311
10418 15407
14347 12123
-11526 -14266
-11694 16512
-13187 13415
16045 12048
19707 -15232
-15981 12556
-15370 16258
-14968 -12972
9447 -11192
16812 -16489
15044 15033
-15025 -14899
16150 -15625
-11728 14182
16595 -11587
8227 15854
17929 -11738
-14194 16145
-11799 17363
-12464 22830
15503 -15929
12514 -17149
-15284 15094
13942 -13337
11705 11699
12760 18004
19767 -17745
-15747 9857
14659 13298
-12306 20751
-14671 -9687
-10792 11944
-14364 12546
-13887 12649
-15174 8654
-14485 13202
13303 19757
14908 -17309
-12834 18801
-12602 14826
7268 -12897
19391 12923
-16541 19091
11038 19410
15055 -12901
-14864 -19593
10061 13803
-15001 12404
7751 11894
20824 -12454
-17392 -12332
13438 -11223
-17209 13067
18278 -16453
-15179 -14409
-12657 16873
-15145 -12987
20117 -14893
9925 15840
15908 -9464
-15320 11826
-14581 -16667
16584 11247
-15182 20972
-17064 -19190
-14338 -20509
15720 17117
15369 18320
-16921 -12747
13307 -16048
-23366 -13678
10160 14589
13096 -17412
9757 17271
16661 13841
24718 16064
-16976 -12059
15664 17566
-16741 -11517
14189 11182
14362 8330
-15323 7886
11099 12363
15525 -14860
-18632 -17234
15094 22120
-18233 16587
16182 -13314
-12007 -16029
-17869 11386
17392 -10987
9602 -15340
-17791 16071
-17110 17528
12936 12951
12479 -13357
10668 -9576
-9820 -11631
-16790 9803
9939 -18663
-9564 12632
-15277 17653
-9818 13844
-15338 -17025
17729 -13619
-15087 13876
-15417 14860
17003 -10231
-17446 -11776
-13614 -14341
-10750 -23220
9275 -16351
16940 -22771
-18515 13698
-10639 -10954
14150 -12350
-15267 -13436
10730 -15495
-11973 -14953
-11945 12966
13258 -15955
-17253 9941
15169 -14305
10000 -18164
18986 10937
15821 15182
-17136 11546
12141 -13478
14116 8825
-14108 13360
-8025 -11713
-15044 -12109
14895 -13749
13063 14395
16183 12645
16001 11254
7687 9861
18968 15687
-8379 -10702
-16495 13458
-11491 -14680
-18619 14435
7994 15730
11107 -14699
-9823 -16631
-14339 16952
16519 15784
-13125 13122
20193 -20097
-14262 14717
11556 15464
12643 15460
13995 -15356
-19682 -17691
12929 -17841
14382 14370
-15263 14830
8743 -13031
-17640 -14967
13906 -12234
-16106 16632
-10987 -9124
-13659 14893
15459 10488
9122 -8073
14184 12455
-12627 -19181
-8488 13826
15437 17684
-17682 -12398
12938 -13620
-8785 -12001
17275 -19138
-13092 16025
13156 -14432
-13823 12642
15561 -9906
-14843 -14321
-10650 15587
-19687 -10755
15420 -15804
15744 -12154
-11019 14690
20040 -13024
-14925 -16586
18376 -21001
15084 11110
-17477 9918
-19416 -10940
-13077 -14967
-12395 14853
11172 -17889
-9587 15021
15325 18347
12920 -16997
-11503 16046
-13454 14345
-16518 12015
-11607 14352
14319 -11729
13058 -12661
-19724 11745
-12753 -8097
-12149 -8913
-17685 11433
-12285 -12254
-11173 -14668
-14333 19108
-15749 16066
15944 13366
11643 -16231
13504 14174
-14771 -13155
-16828 13771
-14380 -14401
14607 -14389
-17652 -13760
-16940 10746
-14625 -12801
17202 -12600
14564 -13876
19653 16932
12723 13831
-20879 16324
-13536 12225
9588 12370
-18822 13768
-9895 -12003
-16371 -17035
-14657 -8822
-14669 -16374
-12197 15660
18798 14677
10981 15661
-11900 -19848
-9150 -9454
-16471 -13032
-11324 13932
16787 8789
16383 -15112
-14508 -9563
13950 -18327
-12997 -13501
15940 -13624
15210 14092
15598 11063
-15308 11796
15674 -16403
-17875 15079
-9835 15865
12673 12512
8588 -17769
15601 -12907
-14247 -15927
-9930 14561
-15325 12296
-12473 -15917
15997 13165
13119 -16120
-9567 20255
17546 13075
12529 -17337
9575 13558
13420 16207
-13555 11337
-14173 11975
16939 -14462
17273 -14581
-11216 14657
-15166 -12169
-18649 -14973
-14218 -15973
-16519 -16343
13016 16783
-12267 10859
-14298 -19273
14652 -11905
-14980 -12308
-11106 12968
-16490 -19521
-13891 20616
-14461 10243
12852 -15931
-14365 15817
-16057 11718
15372 -15963
-17973 13633
18640 14856
14947 -8099
-16894 -14807
-11951 -17274
12716 -14807
-18175 -15101
-10381 -11198
13446 18962
15790 -13748
8582 10858
-16037 -15727
-15666 13768
9906 -20854
-17829 17603
14175 -12296
-14464 15975
-9057 8787
16769 17477
15849 -14160
-13099 14231
11640 14275
16606 15779
-14286 -10848
-9183 -17817
18194 17867
9260 10515
15358 -14467
13049 -18140
-15247 -18641
-15414 10684
-11262 -12250
-12529 17060
13679 14213
-15417 -18829
18281 -17890
15275 17359
-17693 -19357
-10904 -18006
18201 18012
10996 15034
14047 -15250
18237 9162
9603 -15476
-14519 -11521
-10772 11382
13754 -16596
-16205 11998
15799 -16464
-17101 -12237
-14485 16732
14554 11040
-18511 -17804
14669 11990
11422 8745
-15704 11876
13521 16770
17192 17607
8106 12691
-17139 -13876
-12035 -15704
16431 -15192
-13297 13092
14700 -12221
-13737 13758
-14334 10909
10415 10138
14173 -14894
9965 19304
-17125 12748
-13350 -19533
-10693 12014
-7409 -14213
15991 -13794
-12358 -15386
-10449 -13273
19809 -15552
-11632 16612
15402 13895
-13384 9540
-13876 -16069
10087 12357
-9942 14319
-18484 14591
16379 13680
-14559 12365
-13230 -12366
-13377 -13978
13260 -12588
-12003 16676
-12061 18464
-13017 19174
-17669 10338
-8207 -17538
16221 16343
16949 12709
-11656 -14555
16098 -12296
10067 13321
-15283 -10469
-10923 -11142
-11521 -11450
-15781 12755
12898 12653
20702 15332
-14842 12565
10098 19021
17641 14563
13011 13083
-10895 -13406
11986 -11264
-18192 -18884
-13753 15061
-18271 -11717
-16178 11065
18519 18213
16518 15618
13911 15422
-19288 -21999
-12541 12170
12699 14850
13782 14147
-16822 -15504
21176 14173
13066 17585
-15594 15965
16842 13867
10933 -15217
18535 12049
-15986 -16057
-11835 15607
17928 -11145
-16173 -17965
-14526 -20590
-6293 13499
10725 14604
-8610 -15923
-16866 -12278
-17665 -18295
10474 20443
-17043 20144
-15240 15315
-13207 -21130
21197 13645
-16415 -14960
14713 11787
-13138 16158
-18295 -14586
-17850 -14129
16313 17905
19192 14487
19503 11970
18100 -10960
15936 14466
-9335 15946
11727 -10188
11894 10443
11128 -17691
16509 11450
-10154 14825
-16968 -10900
12245 -13076
-12155 14663
-15600 -9339
8716 18631
14812 -19687
12006 -19163
-13559 -11318
-14533 -15699
-11693 -22353
16074 16234
-9422 -18553
15087 -14353
19171 12088
15473 -13166
-14571 16940
20019 12913
12076 15407
-14138 17707
-12031 16222
-16146 -11010
-17628 -18874
-16222 -11099
18079 -13525
10519 -12060
-18034 14528
-9219 13707
18413 16180
16056 -15426
-15617 17370
-11996 -21523
12187 -11370
11576 12862
-9392 -17551
-14671 8599
12880 -13989
-12344 -15427
-13490 14581
-14925 13552
10901 -19110
-11797 -13145
10861 -9022
-12801 15685
-13695 9640
-17718 14902
-15053 -18379
17222 16633
-19548 14420
13008 15984
15518 -13095
-18356 15098
12913 11391
19645 -10715
-12823 16536
18416 15941
-16392 15279
-14081 15577
-15034 13288
-17273 12782
17038 15478
-9325 18031
-11391 -17951
15167 14923
13797 -13890
20582 -17994
-11511 11975
14923 12899
13663 12941
13940 -14315
-17867 -14189
18539 -10657
-19151 -14127
-12209 -13339
13808 17161
-19272 -16464
-12672 15598
13191 -9589
18851 15874
-19689 15912
16297 -13487
21637 17021
-15412 13495
14223 -14598
-13806 -16840
11029 -12254
12042 -15129
13346 -14219
-11824 -15588
-12634 12819
-15167 -16321
13722 -11155
15916 -14728
-18136 -14631
12674 -8232
-17115 -13786
19484 10308
-15054 19791
-15711 -11643
-6485 -16015
-12499 -14820
-18105 11835
16095 15438
12787 17090
13015 16758
-19135 -13596
-18099 -14388
12253 18676
-17790 -12715
17581 -17702
-10975 -21169
-7575 18505
-13655 -9150
13392 18583
-11051 21034
-17589 -16216
14331 -17663
-10565 -19244
-16099 17501
15958 -13770
14861 -17139
-16668 -4886
-10887 -10252
11818 -19212
17769 14336
-15856 -15483
-14820 -14207
-13606 11339
-15849 -17987
13963 16091
-13170 17349
-14538 11384
15470 -12107
13121 7694
10790 18283
12868 14923
-15114 -14669
20498 -17006
-16166 -15365
17425 -10276
12652 -14882
11639 17674
-9620 -17725
17212 -12125
-10763 -10200
11386 21532
-16318 -15586
-14390 11610
18034 -9207
-16376 -12285
-10811 -20640
-15402 10334
-11823 14022
-13762 -14160
14977 15312
20324 18159
-17991 12473
-10185 14171
-11212 -17174
-15403 -13770
-12627 -15089
15484 -19785
14217 13636
-15186 20021
-19061 12517
-13171 20103
-15559 -19298
-12005 -16866
13735 -16677
8293 15846
11327 -11843
16115 16127
17057 -19120
-16625 11746
-13157 -7787
12023 17541
-11644 13546
-17429 -14219
-14020 -11280
-19809 -13082
16215 20690
-12876 -10983
-16832 15243
-13231 14185
-9736 -18896
20124 10868
-12023 -13349
-16491 18240
18310 12340
17892 16234
13283 -14718
-14639 13782
-9597 -16223
8911 -15541
14159 11654
-14396 15420
8435 14674
12443 14390
11582 15322
17753 -15064
-20328 -14059
13706 14707
-14030 -14394
-19483 18738
-17377 -15161
13678 -15433
14876 11045
14210 -17357
-13456 18096
-13165 -14705
-12758 -15979
13952 -14430
14567 13995
-14034 13143
-12271 -16269
18660 11682
16190 18439
-13603 -13108
-13607 17188
13403 16765
-15462 11008
-10208 15913
-11054 -14266
18214 14585
-19391 -16317
18450 12570
-17259 13245
-19400 -20018
9972 10269
9294 11740
13797 -15643
-13762 12101
10312 12818
-14095 11588
15852 -13597
-14098 15557
18431 12514
-14494 19914
13747 11096
-15333 -15586
12732 13942
-15976 -13995
-10946 -16679
-20632 -16476
-9414 -15513
-15131 13768
14310 15203
-17703 13941
-12805 -13573
12509 -16815
10357 15894
13277 -15077
17699 -13377
15297 13549
16786 -14304
-16771 -13597
15754 18974
-19366 -14569
-16556 -16217
-14604 -14141
14934 -19842
16413 15179
-14619 -12260
15814 -12945
-6869 12443
16280 13651
-11296 13332
-15241 16693
13426 18443
-13499 -12519
19059 13803
12145 -15411
15022 -12474
9979 19156
15715 14287
12386 14162
-14973 9024
-10817 16548
17116 -21710
12081 -15143
-8843 8491
-15133 -12492
11939 -16407
16039 16909
16190 9481
-13721 5403
16907 -15322
16036 13998
-13038 -13905
-14777 -12612
-17113 -15403
-12305 13292
-15864 -15064
-15214 11713
14559 -14939
-15643 -21626
18982 21289
-10630 12564
-11102 10701
16731 -13902
-14892 -12014
-18474 13673
18150 11959
-13549 12838
-18646 15246
-16271 -23580
15651 -20413
-14704 13966
-16069 -12955
-10108 13995
19336 -12810
13157 -16221
-11643 -12703
-15907 -15710
17242 -16031
11540 14729
-15466 -16625
16736 15192
12224 -13123
14037 -15196
-15302 -12959
13076 -21029
-18209 -6569
-15119 -13487
17195 -16661
-14149 17641
-16657 16190
-13674 13771
8898 -14138
-17661 -18365
16295 17713
11637 -18295
11268 9467
-13082 13243
19118 -17227
15574 -7007
-18437 -14849
-15009 -10569
12840 16725
-16035 -13319
17772 -18264
-12504 -11769
13513 13410
-8903 -10026
13289 11952
-11114 -14394
15472 16951
14033 -19281
15300 -13449
14750 13724
14004 19394
-17572 -18280
15247 -12124
14665 13576
11285 13373
-11924 6169
17967 -17625
11781 13694
12984 -12595
13258 -15241
15214 17766
-13710 10544
14101 -11873
-12753 -15073
-12425 -9326
18823 -11657
13363 17332
14276 -13904
-18426 8419
-14967 -12162
-12882 -11498
18491 13562
-14065 13900
-16213 -15304
14140 18362
10606 -11725
12680 -20107
18099 16056
-12231 -9742
-13854 -9615
-20488 -17083
-10373 -19416
15020 -12827
-13087 13018
-12975 16871
17489 -12789
7991 -9553
17539 14203
15700 -15332
-17542 14131
18394 -15565
-12694 11181
15819 -18218
-20445 -14798
-15488 -14748
16983 -9748
19153 -15498
16725 -12469
-17066 11628
18446 -15090
-15005 -15507
-13724 -10352
14111 16316
-9492 16646
9820 11228
-14661 12031
-16561 21104
-16157 10647
-9751 -18588
15742 -15609
-15363 -12711
-11866 -10774
-13350 -10764
-16082 15445
12521 -16778
-12934 12665
16738 19886
-17115 14629
-11524 -11915
16787 -13813
-20582 -14891
-13709 16223
12691 -19170
-17332 17488
-14910 14659
-16782 -12174
20853 16988
17056 13356
-11888 15367
-14169 12662
12462 -17542
11904 17566
14085 13085
-12855 -14569
13548 15000
17895 -18130
-10464 -12313
-12223 10138
14933 12784
-12182 17646
-17728 -9358
16737 14945
20096 -10537
-15532 21805
14000 -6739
17351 -14843
-16750 16085
17079 13946
18334 -10491
-12449 -8561
17140 -20476
14896 14806
15069 11353
11592 14994
-14447 14354
-17399 -13975
15031 13783
17001 -13629
12802 -13779
15845 10970
-23054 -10023
12379 -11694
-9597 -15886
-11617 -15194
10576 10621
-12589 11868
9769 -15988
