0 0
-18517 10545
-18644 -21585
-17718 -16550
-21105 -21777
-24423 -25422
15876 14175
-22389 -17561
-18654 23660
-14169 16307
23626 20576
13330 14946
-21453 -23577
-17341 -12539
-20222 17395
-14686 -22513
21073 -16881
19568 -20292
13576 -14568
-18053 21645
22352 17126
17261 20668
19981 13371
14872 -16699
-21055 18909
-18956 -22325
-16191 -17726
22973 -18791
13860 -18673
-18389 -18656
21834 -18181
17455 -19585
19780 -16331
15875 22139
-21225 15608
-18016 -21009
-18820 -18116
-18704 -18361
-17991 -19913
-19898 -15248
-15440 18821
18851 -21571
-21406 -17661
-17922 -19580
-18907 -16655
-18229 21779
-19296 16406
-17182 -20459
21562 -18937
16374 -16974
-20291 20496
-19248 19409
-16437 15803
19065 -18130
-20716 18732
-18973 -19558
-17253 20914
20583 18246
18254 18620
19192 18236
17712 19337
-20151 17296
-19044 -19828
-17734 21238
20167 17340
18513 -19779
18454 20936
18699 17902
18569 -19910
18469 -19129
19023 -17500
18127 19305
-19919 -19968
-19197 20715
-17606 17819
19112 -19495
-19180 20022
19401 -20023
-19581 -18693
19548 20010
19346 18618
18365 18488
-19462 18430
19441 19045
-19689 18577
19504 -20039
18704 19773
18839 19435
18922 -19890
-19870 -18932
19000 19906
19204 -19788
18701 19551
-19233 19161
-19078 -20142
-19053 19018
19002 19008
18983 18321
19244 18620
-19419 18507
-19417 18714
20116 19245
-19006 -19023
-19930 -19057
19549 -19049
19634 19952
-19227 -18678
-18736 -18965
-18587 -18322
-19413 -18707
19986 -19541
-18695 19176
-19998 19784
19241 -20215
18857 18581
19593 19283
-19066 18247
-20064 18737
19097 19549
20038 -19934
-20043 19503
18424 -19438
19134 19433
19336 -18355
-19829 -20367
19577 20105
-17943 -18187
-20542 -19195
19110 -18311
18953 -18672
19579 -18571
-18794 -19611
-18973 18825
-19524 19072
18855 19382
19072 -19899
18321 19599
19788 -18345
-18753 -20408
-20057 20151
19011 -19599
18884 19348
19480 -19327
-18986 19328
-18981 -18039
-18478 -20610
-18558 19117
-19809 20181
18747 -20147
19061 19746
19351 -19548
-18752 19466
-19059 -18584
-19511 -20148
19949 20150
-19622 -19620
19343 18410
-18691 19854
-19906 -20075
20212 19597
-19573 -18206
18466 -19261
19069 -19149
18445 19833
19722 -19627
-19222 18665
-19531 19623
20095 -19963
-19086 19573
-19634 -19501
19921 19151
-19855 19214
18871 -19888
19681 19493
-20043 -19434
19794 19523
-19164 -18642
-19491 -19228
20147 -19072
-19060 19283
-18877 19514
-18651 -19743
-18989 19491
19436 -19617
18627 19046
18845 19181
18771 18760
-19807 -19244
19728 -19254
-19142 -18408
-19315 19522
-18550 -19550
19725 19663
-19240 -19313
-19211 -18667
-18301 -18610
19659 -18978
-19841 19735
19864 18825
18830 -19707
-19877 -18851
-18554 -18842
-18696 20039
-18657 18604
19998 -19974
18495 -18660
18912 -18620
18480 -18342
-20275 -19081
-18427 -18133
19828 20010
19097 -20597
17891 -17735
-19917 19769
20530 -20208
18643 -18383
-20831 -19305
-17250 -17441
19097 19297
-19230 -19742
19801 20299
-20326 18545
-18188 18215
-18977 19085
-18313 18151
20193 -20069
18485 -18433
18628 -18655
18324 -18504
19327 -18585
17370 -18514
-19582 -18619
20487 -18397
18118 -19010
19380 -17917
17023 21275
-19484 16624
20591 -18860
18363 19962
18633 -21752
18731 -16229
18196 18672
19156 -19955
17804 21360
-21099 16988
-17212 -20160
21203 -19229
17211 -16921
-20439 19540
-18335 -21618
-18717 -16748
-18135 20430
-19695 18841
-16128 17254
18454 -20414
-19405 -19458
20884 -15936
19294 17977
16116 -18569
-19151 19526
20983 -21204
18189 -18142
18336 -18176
19506 -19647
16410 -16519
-19154 19205
20851 -21110
18944 -18095
16886 -18462
-20526 -19254
-19360 -17336
-16324 21499
19400 16755
-22488 -21388
-15241 -16762
18014 21665
-19283 16227
21164 -20825
18847 -17896
16477 -20072
-20891 -15471
-18214 18183
-18842 -19342
-18196 21160
-19347 18820
-16868 16418
22183 -20493
15007 -19483
-17455 -15784
17982 18791
-18132 -20998
18583 -19312
-19816 -15532
22952 18816
15157 -21322
-18335 -17662
19792 -19874
-21993 -15634
-16942 17918
22077 -18427
15446 19454
-18961 -21316
21201 -17796
18101 -19826
18856 -15853
18082 17921
19707 -18334
15823 18404
-18282 -18736
19420 19809
-21210 -21998
-17910 -16722
-19727 20752
-16280 18098
18830 19410
-19911 16674
22220 -19293
15857 20605
-18653 19272
19935 16359
-21584 -18339
-17499 18487
21548 -18474
16389 18600
-19531 -18896
21425 19938
17140 -21754
-20276 -16889
-18530 19772
-18262 -21229
-19203 -17149
-17935 19727
21481 -21718
16656 -16723
-18615 19399
18592 -20789
-18705 -18464
18819 -18323
-19086 -19557
19876 -17163
-20953 19743
-18054 -21018
20737 -17327
18120 19679
-20693 -20306
-18039 -18586
21046 -18473
16959 -18723
-19126 -18333
19609 -19161
-20316 -17742
-18983 20201
-17805 18146
20251 19375
18583 17202
18447 -18964
19060 19249
18072 -19996
-20749 20780
-18085 18028
20876 -20932
17468 -17316
-19517 18894
20137 -18878
19035 18979
17881 -19243
-20293 19956
-18217 -20586
-19320 -18396
-17638 20455
19290 18432
-19589 -20667
19859 -17408
19213 19124
17617 -19962
-19818 20744
20521 17655
17355 -19051
-19044 19414
19155 -19840
-19284 20700
19918 17322
-20576 -19030
-18348 19232
20099 -19411
-20293 19762
-18299 -20181
20049 -18585
18418 19967
18720 19077
18340 17943
19057 -19179
18182 19321
-19835 -19602
-18941 19566
-18547 19215
20371 17966
18051 -19780
-19285 19478
19272 19319
-19369 17900
19849 -19436
-20141 19788
-18669 -19528
19820 -19230
18610 -18291
18595 19964
18528 -19939
18961 -18778
18237 20393
-19847 18266
19601 -20024
19207 20218
17915 18436
-19625 -19829
19804 -18936
18835 -18517
18312 19866
19002 18677
18495 18320
-19875 19248
-18374 17871
-18891 -19364
-18412 19769
19782 -19743
18969 -19010
18449 -18511
-19655 20427
-18995 18073
-18415 -19518
19671 20069
19254 -20392
17682 -17870
-19144 19339
19395 -19664
-19782 19542
20266 19039
18462 18387
-20268 -20324
-18948 -18379
20446 19319
17821 -19162
-19102 19003
19217 -18856
-19588 18912
19620 -19046
19111 19606
18554 -19610
-19578 -18748
-19055 -18666
-18578 -18760
19837 19578
18380 19241
19056 17853
18127 -19286
-19887 19373
20234 -19582
18592 19509
-19962 19222
-18648 18103
-18469 -19810
-18851 19600
-18625 19246
20444 17832
18065 -19400
-19856 19945
19708 -20287
18995 -18396
18428 20096
-20513 18568
-18235 18598
19401 18331
-19997 19210
20292 17955
18525 -19761
-20820 19900
-17902 18957
19746 18331
-20068 -19948
-18561 -18463
-18598 -19140
-18545 -17704
-18579 19782
-18480 -20032
-18593 -18555
-18743 -18281
-18277 -19297
-19255 -17475
-17697 19121
19846 -19721
-20654 20227
-18176 18584
20660 18266
18163 19159
-20771 17870
-17187 -19856
18810 20979
-19228 17278
20011 -19456
-21179 20249
-17275 18968
19592 18096
-20046 -20463
-18988 -18279
-17977 20761
20311 17566
18322 -19907
19193 -18905
17365 -18185
-19550 21180
20074 17114
19314 -19497
17209 20471
-19828 18425
21181 18626
16982 18665
-19690 18556
20965 18274
17894 19371
-20971 17067
-17605 -19402
21163 20539
16894 18374
-19351 18333
20395 19531
19275 16869
16561 -19405
-18768 20875
19803 18367
-21453 18286
-17526 19624
21503 16514
16397 -18735
-18869 19839
19680 -21425
-20997 -17146
-18152 21225
-18791 17422
-18207 -21239
-19438 -16250
-16718 18242
19628 -18912
-21791 19867
-15888 -21683
18150 -16850
-18678 20683
19052 18344
-19711 18350
20660 19592
19442 16431
16394 -19562
-18714 21378
19611 17267
-20882 -20643
-18141 -18068
-18380 -19227
-19116 -17638
-17676 21439
21247 16478
16961 -19035
-20561 20494
-18139 18868
-19346 17578
-16993 -21396
20413 -17356
19015 21577
17108 16125
-20675 -19385
-18250 22159
-18672 15400
-18265 -18234
-19456 19344
-16951 -20872
20289 -18997
19377 -16727
16250 20753
-19171 17927
21205 19717
17801 15863
19439 -18332
16878 19298
-20871 -20872
-17980 -19365
-19435 -15618
-16808 17789
20561 -18310
18942 18746
17287 -19466
-21603 21063
-16963 18869
21778 17171
15962 -20843
-19094 -17939
21087 -19829
17887 -16163
19457 19396
16746 -22382
-20409 -15392
-19076 17889
-16955 -18188
20830 18525
18288 -18875
18163 19932
19711 -22453
16239 -15477
-19642 18131
21974 -19000
16031 19913
-19070 -22237
21139 -15273
18326 18347
18369 -18911
19354 19719
17465 -20983
-21888 -18219
-15769 -18664
18243 -18432
-18842 -19097
19943 -17228
-21711 20694
-16944 18412
21597 18426
16374 19290
-19454 17145
21860 -20352
15763 -19411
-19039 -16045
21092 17977
17798 -18599
19683 18998
16283 -19943
-19499 21689
21553 17110
17273 -21116
-21454 -17089
-16443 20108
19561 19270
-21579 16411
-16742 -18644
20644 19442
17916 -20710
19217 -19131
17550 -16590
-21378 19154
-16998 -20346
20165 -19135
19076 -16718
17277 19573
-20828 -21514
-17991 -17200
-19362 21369
-17162 16219
20399 -19107
18915 20672
17620 18878
-21659 17318
-15765 -20686
18248 -18303
-18612 -18738
18821 -18293
-19703 -19212
21142 -17093
18009 20583
19148 18107
17867 19239
-21492 17382
-16357 -20364
19275 -19004
-20905 -17544
-17829 21306
-19783 16913
-16175 -20627
18783 -18322
-19405 -18311
20683 -19716
19277 -16038
16101 18512
-18587 -19853
19437 21493
-20562 16985
-19044 -20588
-17270 -18415
20578 -18346
18071 -19539
19208 -16578
17633 19208
-21198 -20542
-17449 -19096
21526 -17237
16289 20337
-19542 18943
21394 17711
17272 -21511
-21571 -16296
-15767 19148
18153 -20782
-18505 -17965
18810 -19481
-19551 -17097
21029 20831
17933 17977
19664 19522
16482 16840
-18451 -19337
18738 20543
-18902 18767
19509 17647
-20849 -21170
-18159 -17667
-19480 21184
-16900 17077
18702 -19712
-18939 21227
19702 17436
-20722 -21060
-18125 -17069
-19247 20110
-17263 19085
19663 17199
-21030 -19367
-17391 20297
20269 18906
18783 18010
18140 -21132
-20903 -17066
-17844 19524
21161 -20411
16729 -18435
-18527 -18212
18570 -19347
-18881 -17460
19189 20322
-19695 18547
20526 18630
18498 18259
18266 19383
19108 17278
18251 -18795
-20888 18730
-17933 -18946
21084 19142
16936 -19831
-19189 20682
19940 18246
-20625 -20534
-18359 -18309
20929 20818
17285 17563
-19289 -19610
19916 20156
-20890 18506
-17705 18632
19966 18472
19015 18935
18045 18454
-19905 -20983
-19044 -17361
-18189 19793
20875 -20713
17282 -17768
-19152 19991
19679 19171
-20076 17326
-18973 -18746
-17636 18727
19969 -18990
18904 19133
18226 -19634
-20492 19887
-18313 18944
20587 18482
17810 -20625
-19704 -17837
19923 19511
18965 -20084
18105 -18345
-19891 -19149
-19199 -17536
-17828 19135
19788 -19203
-20839 19695
-17356 -19838
19182 -19369
-19919 -17388
20223 19080
18353 -19340
-20153 19777
-18528 -20449
-18619 -18280
-18496 19972
-18620 18617
-18512 18494
-18595 18606
-18357 18297
-19200 19346
-17678 17581
19983 -19515
-20859 20210
-17302 18373
18969 19034
-19364 18283
19856 -20384
-20564 -18367
-17979 20955
19901 17662
19104 -19666
17886 20000
-19641 18319
19942 19303
19230 17304
17526 -18992
-19596 19079
20043 -19233
18629 19640
18293 -19860
19160 -19115
18216 -18090
-19816 19727
-18849 19210
-18359 17910
20783 -19936
17349 20850
-18963 17349
19118 -19002
-19372 19198
19939 -19800
-20665 20222
-18320 18458
20386 18787
18692 18818
-20228 -20337
-18359 -18177
20734 19909
17571 18829
-19173 18418
19928 -20930
-20746 -17098
-18038 19000
20250 -19273
18462 19992
18541 -20725
18621 -17433
18365 19626
19163 -19941
17770 -18875
-19798 -18349
20781 20870
18082 17727
-20199 -19704
-18174 20091
-19249 18909
-17504 18161
19600 -20994
-20305 -17326
-18313 18914
-19072 -19218
-17972 19897
20302 -20605
18216 -18222
19132 21097
18146 17314
-20274 -18923
-18189 19180
-19324 -20015
-17418 21226
19761 16774
-20769 -18796
-17860 19208
19958 -19757
19127 20583
17449 18194
-19901 19159
20941 17613
17520 -19706
-19667 20105
20575 19013
18207 18051
19150 -20999
17817 -17356
-20204 19623
-18095 -20377
-19390 -18358
-17036 -18584
19087 -18765
-19698 -18143
20246 -19405
19186 -17258
17204 19750
-19540 -20932
20316 -17969
18417 21047
18453 17051
19053 -19836
17839 21274
-20149 16794
-19220 -19408
-17064 20630
19449 18436
-20361 18603
-19224 18161
-16818 19520
18577 16669
-19020 -18642
19648 19087
-20798 -19552
-18331 20290
-18633 18975
-18574 18228
-18647 -20937
-18534 -17075
-18602 19032
-18621 -19907
-18387 20925
-19085 17835
-17831 -20897
20831 -17831
17888 21007
-20878 16922
-17735 -19625
21357 21142
16462 17416
-18785 -20251
19841 -19210
-21347 -16697
-17277 18429
20295 -18876
19279 19512
16861 -20227
-18866 -19311
19821 -16521
-21001 18600
-17932 -19107
21457 20033
16632 -21460
-18654 -16727
19236 18923
-19875 -19602
21004 20099
17336 19276
-20185 17094
-19002 -19746
-17917 20803
20097 17206
18994 -19731
17735 21057
-20259 17763
-18614 -20576
-18351 -18083
-19028 -19226
-17913 -17694
20804 20407
17847 18453
-21245 18686
-16909 18222
19654 19536
-21210 16826
-17307 -18841
20093 19875
19334 -21651
16631 -16741
-18376 19394
19022 -20722
-20013 -18184
21233 -19058
17522 -17759
-20900 21269
-17931 16950
21306 -19506
16511 20599
-18761 18027
19845 19605
-21376 16316
-17435 -18547
20515 19045
18405 -20064
18352 21446
19383 16745
16897 -19690
-19360 21068
20236 17867
18975 -21234
17416 -16581
-20153 19526
-19352 -21063
-16588 -17231
18886 20469
-19866 18408
21621 18605
16551 18369
-19479 19135
21314 17817
17351 -21059
-20251 -17140
-18905 20499
-17889 18131
21150 19387
17329 17384
-21154 -20625
-17035 -18079
20036 -19205
19360 -17506
16709 21265
-19681 16996
21927 -20180
16180 -19227
-19066 -16659
20694 19687
18694 -21677
17597 -16844
-21267 20680
-17309 17896
21181 19594
17248 16473
-21589 -19215
-16227 20677
19367 19174
-21950 16429
-15855 -19067
19404 20704
-21896 18977
-16588 17144
20365 -20491
18991 -18996
17566 -17122
-21872 20362
-15481 19329
17998 16412
-18540 -19504
18856 21938
-19606 16474
21275 -20350
17964 -19014
19364 -17185
17262 20246
-20742 19076
-17844 17512
-19591 -21724
-16585 -15750
19629 18532
-21680 -19794
-16965 21737
21656 16940
15833 -21936
-19397 -15879
21540 18525
16721 -19750
-21389 22052
-16507 16290
20371 -20591
19399 -17866
15974 -19715
-18127 -15745
18632 17933
-19568 -18431
20904 18797
19318 -19514
15869 20961
-18480 18966
19540 17335
-20899 -20147
-18032 -19323
-19218 -16480
-17757 18718
21222 -19723
16669 20940
-19632 17843
21524 19576
17068 16827
-20026 -19300
-18979 20393
-17757 19147
21141 16877
17094 -19540
-20208 21229
-18906 17213
-17590 -20036
20190 -19211
19372 -16912
16548 19635
-18411 -21735
18887 -16189
-19493 18409
20600 -18728
18883 19147
17598 -19555
-20222 20359
-18833 19040
-18171 18230
21023 -21058
17152 -17100
-19496 19069
20385 -19859
18127 21130
19411 17188
16955 -19468
-19132 20040
19674 19196
-20464 17450
-18369 -19477
-18422 20289
-18789 18553
-18290 18582
-18982 18248
-18240 19270
20733 17552
17956 -19819
-20592 21168
-18058 17242
20823 -19518
17364 20166
-19933 19052
21205 18121
16633 -20875
-18862 -17796
19142 20089
-19925 18856
21091 17887
16881 -20015
-18856 -19210
19058 -17594
-19268 19896
19679 -21061
-20175 -17252
-19119 19849
-17895 -20851
19876 -17506
18869 19012
18360 -19019
-20906 19227
-17313 -19893
19488 20692
-19908 18401
-19037 -20590
-18386 -18342
20650 20455
17586 18156
-19073 -19836
19285 -19277
-19836 -17337
20093 19116
18610 -19599
18222 19878
19253 19206
17777 17606
-19203 -18994
19472 19328
-20063 -19755
20703 20104
17734 18258
-19987 18754
20210 18731
18221 -20004
-19177 -18561
19209 20546
-19441 18538
19901 -20586
-20473 -17785
-18578 19859
20314 -20110
18522 -18528
-20305 19891
-18241 18927
19759 18222
18943 -19671
18313 -19133
-20411 -17710
-17954 19138
19664 -19673
-19993 19696
-18320 18997
-19091 18348
-18063 -20280
20034 -18698
-20420 20305
-17963 18276
19763 -19989
-20010 -18511
-18910 -18628
-18324 -18483
20370 -19188
18599 -18005
-20780 19667
-17402 -20017
19052 -18544
-19408 -18233
19988 -19431
-20690 -17503
-17454 18982
19253 -19405
-19795 19768
20073 -20390
18252 -18059
19192 19806
18235 19130
-20026 18081
20536 -19796
17983 20414
-19978 18234
-18827 -20002
-18332 -18846
20084 -18245
18570 20088
18633 18566
18417 18311
18968 19318
18154 17359
-20052 -18930
-18440 19317
-18926 -19926
-18333 20730
20708 18023
18206 -20617
-20678 -18079
-17320 19930
18810 19232
-18863 17401
19172 -19646
-19578 20203
19996 19020
19206 17913
17576 -19873
-19885 -19011
20721 -18457
17278 20683
-18860 17872
18850 -19836
-19158 -19275
19506 -17199
-20082 19060
-19060 -19824
-17918 20741
19734 17504
18998 -19073
18374 19402
-20690 -19960
-17155 20638
18795 17997
-19065 -20242
19013 -18238
-18888 -19334
18833 -17193
-18811 18997
18985 -19404
-19147 19922
19601 -20510
-19820 -17874
-18958 19829
-18812 -19622
20332 -19154
17876 -17991
-19049 19575
19421 -19644
-19789 -19094
20415 -18403
18228 20389
-20134 18627
-18481 -20360
-19122 -18031
-17664 19331
19286 -20006
-19912 20713
20562 17733
18087 -19732
-20077 20089
-18408 18487
-18988 18874
-18378 18452
20519 -20646
18171 -17833
-20067 19918
-18585 -20713
-18515 -17534
-18652 19714
-18571 -20715
-18417 -18113
-19087 20055
-18005 19226
20037 17338
18998 -18949
17861 19033
-19891 -19197
-19283 19595
-17527 -19933
19598 -19257
-20006 -17632
-19097 19555
-18242 -19867
20222 -18955
18364 -18207
19057 20205
18381 18503
-20859 18741
-17598 18283
19578 19029
-20354 17964
-18447 -20138
-18681 -18350
-18330 -19081
-19031 -18058
-18083 20066
20791 19007
17769 17839
-20320 -20044
-18042 -18873
-19240 -17993
-18032 20724
21198 17587
16840 -20289
-18721 -18418
19101 -18465
-19563 -19137
20313 -17538
19278 20092
16922 19204
-19070 17194
19853 -19421
-21075 20257
-17451 18998
20079 17611
18986 -20159
17937 -18950
-20322 -18087
-18139 21345
-19121 16652
-18025 -18647
21334 19016
16788 -19916
-19393 21547
20844 16612
18094 -19574
19012 20566
17941 18124
-20977 19145
-17607 17848
21025 -21365
17429 -16725
-20376 19370
-18524 -20791
-18316 -17953
-19542 -19274
-16564 -17533
19678 21232
-21744 17097
-16283 -20246
19264 -19338
-20922 -16266
-18268 18712
-18339 -20021
-19723 22147
-16527 16203
19514 -19623
-21932 21889
-16047 16375
18538 -19552
-19790 21929
21606 16763
17010 -20374
-21864 -18330
-16200 -18696
19379 -18259
-21880 -19698
-16367 -15737
20272 18138
19076 -18349
17278 18455
-21941 -18366
-15052 18237
17904 -18616
-18993 18832
20000 -19472
-21622 20642
-17161 19082
21511 16880
16867 -19443
-19626 20415
21206 18767
17241 17782
-21073 -21138
-17156 -17419
20587 20999
18013 17160
19356 -20169
17278 -19417
-20645 -16426
-18003 18782
-19622 -19842
-16316 21600
18704 17253
-19898 -21650
21487 -16484
17497 19575
-21335 -21578
-16931 -17395
20414 21439
18302 15995
18415 -18557
19184 19792
17443 -22158
-21699 -15723
-15607 18061
18253 -18960
-18994 19895
20023 -21663
-22304 -17023
-15794 21692
18869 16399
-20060 -19310
21696 20557
16142 18138
-19174 18775
20692 18373
18867 19206
17709 17249
-21817 -20270
-16071 -19392
18367 -16371
-18999 18507
19965 -19379
-21638 20541
-16794 19214
20349 16597
18938 -19648
17695 21548
-20646 16293
-18054 -18704
-19431 19579
-16871 -20711
19699 -18360
-21875 -18325
-16146 -19210
18580 -17429
-19031 20167
20120 19241
-21827 16795
-16373 -19362
19589 20755
-21445 18425
-16843 18329
19270 19243
-20430 17337
-19140 -20209
-16885 -19029
19382 -17311
-20672 20585
-18446 18041
-18299 19566
-19283 16884
-17762 -19695
21441 21288
16599 17529
-19512 -21384
21446 -16436
17243 19223
-20672 -20436
-17904 -18870
-19277 -17474
-17663 20644
21440 18237
16630 18701
-19170 18662
20403 18368
19371 19247
16389 17234
-18520 -20287
19499 -19304
-20949 -16482
-18076 18582
-19353 -19420
-17317 20859
20236 18100
19010 19594
17781 16839
-20981 -19396
-17637 20296
21395 19274
16568 16679
-19651 -19236
21680 20643
16274 18099
-19096 19687
20616 16182
18833 -18470
17775 18589
-21530 -18855
-16538 19574
19280 -20437
-20498 -19095
-19076 -17786
-16999 20926
19282 17390
-20144 -20097
-19234 -19033
-17059 -17595
19302 20221
-20348 19481
-19219 16735
-16744 -18734
18672 19049
-19146 -19841
19686 21051
-20414 17654
-19037 -20985
-18000 -17770
20170 19973
18545 19183
18428 17336
19334 -19763
17241 21292
-19523 16924
20518 -18737
18141 19173
18949 -20040
18116 20910
-21055 17975
-17373 -20944
19764 -17123
-20686 18825
-17656 -19003
20024 19767
18948 -20624
17824 -18515
-19900 -18234
-19277 -19336
-17411 -17654
19056 19828
-19498 -21262
20003 -17030
19279 18958
17445 -19679
-19809 20222
20738 18564
17760 18385
-20134 19077
-18591 18135
-18415 -20061
-19097 -18672
-18039 -18342
20657 -19067
18000 -17871
-20685 19954
-17955 19261
20717 17247
17949 -19039
-20665 19948
-18079 -21290
20706 -16932
17921 18808
-20803 -19331
-17477 19841
19390 -20857
-20116 -17864
-19250 20839
-17255 17866
18828 -20045
-19166 -18958
19663 -17807
-20301 20000
-18256 19119
-19327 17628
-17489 -19639
19240 19898
-20049 19270
20880 17609
17560 -19838
-20067 20932
20896 17535
17537 -19571
-19090 20305
19805 18509
-20425 18532
-18089 18711
-19318 18614
-17675 18309
19862 19259
-20646 17398
-17784 -19174
19971 19791
19130 -20758
17687 -18005
-19555 20106
20000 18902
19311 18150
17124 -20155
-19030 -18551
19999 -18218
-21115 -19369
-17301 -17101
19764 18735
-20702 -19058
-18254 19311
21070 -19899
17106 21239
-19888 17646
20867 -19919
17448 20710
-19011 17960
19087 -20306
-19556 -18433
19966 -18739
19027 -18228
17775 -19304
-19832 -17628
-19025 19635
-18217 -20374
20989 -18349
17004 -18610
-18739 -18426
18954 -18899
-19203 -18166
19730 20703
-20393 17679
-18665 -20051
-18205 -18973
-19159 -18177
-17977 20232
20028 18218
18922 19082
18184 18217
-21238 -21072
-16887 -17175
18718 19527
-19235 -20116
19674 -19345
-20126 -17107
-19220 18934
-17381 -19757
19852 20805
-20865 17999
-17353 -20101
19749 -19281
-20680 -17448
-18128 19541
20923 -20423
17729 -18558
-20754 -18050
-17834 -19469
20853 -17280
17691 19844
-20391 -21390
-18127 -16793
-19428 18783
-17219 -19623
19811 20254
-21124 19177
-17266 16914
20327 -19398
18191 20095
19390 19031
16782 17746
-18646 -20538
19133 -18450
-19653 -18411
20383 -19307
19206 -16974
16754 19553
-18524 -20229
18857 -19228
-19073 -16742
20000 18738
-21466 -19063
-17095 19579
19573 -20129
-20381 -18970
-18540 -18382
-18315 20836
-19069 17261
-18095 -19567
20703 20419
17831 18337
-20370 19041
-18500 17805
-18280 -20506
-19116 -18156
-17879 -19292
20885 -17766
17587 20418
-20394 18289
-18536 19147
-18315 17740
-19254 -20188
-17580 -19304
20358 -16823
18340 18463
18351 -18554
19158 18634
17845 -18765
-21446 19080
-16828 -19789
19431 21193
-20555 17496
-18219 -20005
-19289 -19256
-17247 -16867
19619 18946
-20639 -19746
-18106 21374
-19409 16606
-16985 -18681
19850 19195
-20946 -19600
-17408 20293
20252 19332
18918 16814
18142 -19053
-20774 19859
-17800 -21226
21074 -17469
16768 20266
-19378 18517
20409 18380
18013 19145
19534 17861
16728 -21405
-18985 -16606
19572 18547
-20460 -19057
-19035 20050
-17449 -21768
20170 -16330
19118 18766
17724 -19204
-20121 19728
-18831 -20398
-17854 -18961
20922 -17880
17742 20988
-20711 17277
-17825 -19854
21031 21385
17704 16868
-21248 -19424
-16627 20905
19305 18029
-20386 19500
-19237 16352
-16471 -18502
18384 19095
-19030 -20112
19895 21686
-21424 16576
-17382 -19820
20052 21322
19138 17116
16947 -19391
-18490 20389
18563 19075
-18689 16936
18632 -19378
-18696 20743
18807 18115
-18834 19506
18864 17006
-19130 -19123
19710 19680
-20294 -20282
-18491 -18427
-18406 -18975
-19058 -18287
-18030 19830
19947 19006
-20901 18258
-17827 -20845
20063 -17580
18507 19926
18622 -20893
18309 -17486
19394 19786
17147 -21142
-19125 -17315
19628 19652
-20334 -20487
-18976 -18178
-18106 -19423
21031 -17470
17429 19819
-18806 -20762
19000 -17789
-19073 20222
19949 18459
-21048 18379
-17326 19393
19172 17338
-19717 -19268
20217 19884
18462 -20819
18609 -17797
18445 20285
18939 18621
18302 18439
-20646 18938
-17954 18235
20743 -21029
17886 -17423
-20644 19668
-17703 -20857
19934 -17711
19222 20122
17334 19169
-19782 17043
21079 -18921
17554 19618
-20267 -20154
-18376 -19321
-18746 -16983
-18362 18755
-19319 -19173
-17050 19899
18768 -20990
-19250 -17605
20125 20075
-20975 18979
-17416 18035
19876 -20677
-21033 -17957
-17528 20272
19524 18104
-20289 19163
-19135 18080
-17235 -21315
19401 -16761
-20177 18806
-18958 -19122
-17844 19673
20785 -20576
17872 -18491
-20656 -18267
-18229 -19414
20959 -17195
17107 18807
-19392 -19146
20116 19789
19293 -20597
16808 -18400
-18939 -18532
19922 -18816
-20950 -18261
-17365 -19085
19583 -17833
-20039 20088
-19324 18902
-17066 18136
18880 -21225
-19622 -17083
20129 19086
19160 -20024
17276 21052
-19826 17669
21026 -20360
18022 -18101
-20970 -19247
-16914 -17270
18766 19513
-18937 -20164
18991 -19208
-18837 -16965
18803 18529
-18879 -18744
19225 18941
-19655 -19227
20180 19806
18669 -20371
18383 -18650
19064 20177
18291 18785
-19872 -20360
19937 -18110
19105 19721
17711 19268
-19641 17334
20092 -19271
18635 19766
18265 -20327
19286 -18464
17707 20522
-19383 18281
19895 -19938
-20471 -18342
-18059 -19165
19988 -17447
18984 19090
18338 -19292
-19833 19737
-19221 -20499
-17733 -18434
19835 20693
-20190 17743
-18566 -19440
20059 20045
18336 -20791
19024 -17924
18227 19732
-20096 -20039
-18403 -18577
-19257 -18482
-17661 -19008
19913 -18375
-20584 20377
-18075 18393
20257 -20839
18194 -17292
19392 18982
17278 -18993
-18848 18952
19032 -19237
-19286 19551
19951 -20123
-20626 -18582
-18452 -18513
19758 -18370
19227 -19086
17903 -17952
-19323 19515
19953 -19863
-20665 -19114
-17676 -18095
19140 19944
-19379 18697
19660 18477
-20042 18408
-18348 19097
-19076 18321
-18110 -19950
19866 -18728
-20089 -18352
-18414 -19181
-19091 -17587
-17705 19301
19171 -19647
-19396 19815
19974 19144
-20724 18128
-18000 -19713
20104 -19199
-20491 -17965
-18098 19439
19693 -19989
-20081 20747
-18866 17924
-18405 -19677
20479 20146
18590 18457
-20404 19126
-18036 17827
19675 -20115
19103 20876
17890 17394
-19926 -19228
20544 19918
18585 -20568
-20730 -18019
-17463 19957
19917 19124
-20465 17664
-18242 -18893
20964 19049
17598 -19154
-19933 19917
20969 -20456
17643 -18376
-19987 20605
20796 18091
17970 -19812
-19628 -18839
20396 -18118
18388 20221
19035 18117
18070 19416
-20583 17389
-17991 -19188
20226 19956
18296 -21045
19393 -17293
17060 19523
-19230 -20434
19915 -18186
-21070 -19068
-16843 -18049
19024 20782
-19968 18059
20797 -20907
