0 0
-16104 8019
-13750 -17141
-12461 -11731
-18013 -19075
-21714 -21192
15976 12801
-19516 -15597
-15787 19058
-10095 13550
21598 20653
10520 13201
-16448 -20469
-15005 -9948
-16663 15901
-12606 -18790
20313 -15562
18553 -16394
11451 -12592
-18724 18095
18105 12463
15330 18414
14472 9536
12473 -12257
-21252 12145
-14442 -19552
-14217 -15008
18428 -17219
13091 -17359
-14183 -16273
18256 -18016
15233 -18501
16387 -13296
12886 16441
-17108 11622
-15095 -18784
-17315 -14399
-17869 -16808
-13983 -16699
-15861 -10110
-12898 16197
16721 -18241
-16648 -17566
-15651 -17644
-16797 -9554
-12953 20837
-15573 13447
-17015 -18577
17357 -14958
11005 -14929
-16449 18125
-14914 15968
-14613 9424
14756 -13844
-18244 16195
-15849 -14023
-11951 16295
13992 14928
16726 16216
15318 15030
14946 16679
-19755 14174
-15165 -16578
-12845 21144
16917 15705
14584 -12488
15322 17709
16884 12524
15678 -15875
16940 -14087
15082 -14317
15140 16272
-16696 -17263
-16611 17684
-13191 14235
15594 -14959
-17083 18463
17782 -20428
-17900 -16114
16961 20867
16505 13608
12390 13482
-16650 15948
18816 18469
-16547 14107
22330 -17954
16535 20089
17918 15863
15131 -17647
-16442 -13249
16476 16561
16712 -14691
12293 21616
-15920 12275
-17409 -17754
-17062 15850
12341 16324
17381 12423
16995 16572
-16635 17901
-15212 16379
16730 15483
-16584 -16971
-18371 -14904
19192 -13260
17244 15880
-15871 -16707
-14228 -12314
-18303 -18630
-14575 -15485
17797 -16658
-18154 19115
-13495 13830
17351 -18861
14864 15946
17233 17464
-18165 18278
-17934 14579
16778 16465
20557 -16222
-17807 17494
15728 -17837
13409 15335
15603 -15832
-13938 -16914
18266 13309
-12848 -16520
-19177 -13922
17674 -14510
15793 -18274
15865 -16418
-19062 -17515
-15720 16624
-16921 15341
20417 15033
19138 -15982
14768 17382
19642 -17873
-13939 -18985
-14869 15461
16059 -14638
16274 15671
16899 -16878
-18360 15668
-17460 -17600
-18698 -12888
-17079 18568
-17182 16297
17141 -14535
17409 19871
16148 -17407
-13736 14092
-16661 -15795
-18270 -14374
17508 16663
-17252 -16096
13782 16836
-21430 10932
-15303 -15427
18640 17252
-19084 -18692
19093 -18020
17115 -20718
18213 14440
16506 -14227
-19338 14209
-13816 15989
15001 -18713
-17817 18924
-14421 -16531
17333 16623
-17131 16497
15050 -14686
15423 16147
-19205 -18690
15533 18457
-18315 -14212
-16388 -16230
16681 -13964
-18271 18149
-15551 16730
-12237 -16899
-17850 16020
15566 -20372
19188 18285
14597 16535
15057 15942
-16499 -17989
16651 -21802
-16376 -14368
-18621 18208
-19502 -18104
15546 14152
-19036 -17073
-17302 -14050
-13241 -13362
15721 -12659
-17386 17417
19847 15991
16917 -14751
-16808 -18040
-16698 -14047
-13839 18533
-16322 16380
18765 -18381
16894 -16951
17721 -14976
14610 -13789
-17726 -17863
-17041 -14754
19357 18269
17206 -18313
15931 -12201
-16645 16940
18161 -17657
18462 -15304
-19877 -18145
-19085 -14133
17107 17424
-15397 -15062
17045 18076
-15311 17192
-14984 12589
-15213 14752
-17840 14324
20206 -17601
18216 -14655
15683 -14651
12393 -16453
18802 -14638
14711 -13152
-18886 -17156
15351 -18551
15707 -13641
17646 -15465
14252 17157
-16481 12053
14475 -12859
18050 16483
18258 -17398
17153 -12236
14524 11464
16390 -20024
17171 18648
-18194 17000
-14788 -15039
20383 -16213
14962 -16035
-17308 16647
-15383 -15344
-17868 -14627
-14774 19520
-18440 13994
-13847 15859
15969 -17980
-14929 -17731
17877 -17752
17943 17407
18347 -16434
-15139 15709
16139 -16666
18166 -15494
15918 -13802
13858 -16291
13300 -15207
-18376 15522
17346 -17186
17534 -11365
13562 -15992
-22526 -15214
-15764 -16030
-15896 19252
13197 17028
-20001 -14364
-16965 -14310
17378 17246
-18196 17190
18326 -17968
15591 -18010
12565 -17488
-17464 -13241
-16827 17524
-18281 -16205
-15835 14977
-14218 16543
-15505 11503
18405 -18324
13503 -18757
-12720 -14261
14787 17688
-16055 -16652
16789 -19975
-15527 -14025
19506 16049
17486 -18535
-17314 -15360
13990 -12784
-19837 -15386
-17329 15971
18221 -15672
12925 17809
-18837 -17556
19753 -19010
17072 -19515
17170 -13635
14481 13750
14236 -14873
14367 14529
-14521 -15903
15713 16746
-15724 -18515
-16900 -17359
-17637 22576
-11713 19757
17620 16067
-18619 11170
19875 -16168
11966 16473
-17268 18036
17383 13732
-18160 -14731
-18450 14034
14783 -15801
11482 14016
-17259 -12424
19782 15112
13243 -20510
-16993 -16422
-14225 16765
-14931 -16114
-18189 -17300
-18563 15614
20896 -19645
13242 -14394
-19294 19629
13249 -21100
-15441 -16438
16636 -15616
-15980 -17851
17029 -12463
-20855 15970
-15703 -16989
20083 -14470
12925 19548
-18292 -20816
-15809 -17835
18840 -12835
15011 -15384
-18036 -16856
15231 -17404
-20829 -13203
-17003 14927
-15613 13548
18668 17069
16277 10562
18444 -15989
18584 14664
12518 -18130
-17676 19463
-17814 13618
19317 -17448
11258 -14287
-12823 15761
18221 -16971
15655 16724
15769 -15358
-18455 16630
-14485 -17160
-17746 -15997
-12759 18715
16120 12609
-16616 -18333
20909 -13614
14727 13011
13049 -17746
-14993 17594
14224 15545
12481 -13085
-14264 17798
16489 -15051
-16792 19705
18162 14692
-20430 -14606
-14009 14994
17158 -16917
-17971 13809
-10357 -21368
17194 -13639
14233 21513
17122 15441
15762 11987
15670 -17258
14407 18340
-17794 -16968
-18769 16349
-15660 15838
15814 11674
11169 -17566
-15354 15101
15225 19526
-15503 12731
15915 -16606
-19622 19298
-12328 -17932
17971 -18013
14830 -14828
15824 18165
17743 -18667
14429 -15846
12224 16343
-17386 14426
19777 -18316
19113 18241
13792 13985
-14814 -16328
18168 -14035
17088 -13902
15015 18817
15848 14979
12767 17409
-15743 17225
-13596 14670
-17772 -15135
-13455 18514
16827 -17212
15437 -17141
20027 -12944
-18319 16456
-15887 13398
-15819 -16591
17864 19405
16516 -14546
15911 -12547
-17571 14261
16963 -15197
-17277 18379
18836 15880
13047 15092
-17049 -19282
-15450 -15555
20392 14886
14255 -16840
-16077 14587
14027 -13220
-17897 16433
17407 -12616
14587 16904
17619 -19919
-17828 -17034
-16201 -13874
-12971 -18688
19196 18590
16871 14810
13039 14658
13789 -19061
-14339 18866
17125 -15933
16640 16815
-16538 15936
-14239 16713
-16486 -19447
-18214 18837
-14946 15255
17012 10845
12575 -12493
-18325 16252
16369 -18478
14118 -15433
14582 22315
-17916 15155
-16313 19368
14822 12645
-18381 18308
17834 15154
12685 -17868
-19187 17437
-14777 14390
15400 18802
-16760 -17252
-16241 -18593
-16292 -18246
-13834 -14590
-15584 16836
-15796 -18328
-16318 -13174
-17947 -15473
-15364 -16590
-19178 -13618
-12616 15666
19078 -17354
-16957 17824
-15509 15744
19865 15056
12407 13682
-17660 16144
-13631 -16053
15409 18046
-15992 15025
18603 -15019
-21151 21125
-12821 15906
17292 13417
-18343 -13751
-13929 -16006
-16666 16903
17636 13142
18121 -16587
13694 -17642
13308 -15101
-16949 19583
17000 16837
17714 -17795
11021 18254
-16875 17700
18246 17439
11307 14887
-17471 17692
17493 13922
14713 17353
-17849 13058
-15276 -16233
18313 15819
15843 14585
-15595 15378
15080 18461
16677 14469
12234 -17512
-17838 17743
14533 16855
-21453 16100
-16784 16594
17274 14534
11347 -11741
-18455 15823
16540 -19068
-19905 -11147
-15228 19602
-16501 15198
-16294 -14662
-14718 -13302
-16099 14776
18284 -17687
-15954 15612
-13351 -19207
18391 -14260
-14960 22651
16493 13353
-19816 15884
18750 16484
20455 11282
11126 -18045
-17268 20522
19781 14782
-16708 -16996
-10706 -16367
-14975 -16747
-16844 -13966
-14190 16993
17422 14968
13327 -15346
-16417 15965
-17370 15331
-15260 16830
-14860 -18196
17912 -16229
16281 16213
13261 13200
-18222 -14209
-16571 15778
-15580 11709
-13521 -17061
-20403 15654
-12127 -18819
14884 -15924
17199 -12078
14375 17628
-18652 11982
19314 15577
15711 11618
15934 -18003
16447 12377
-18515 -18832
-14869 -17102
-15531 -14603
-16784 14071
17847 -17195
19504 15563
15479 -14961
-18086 15942
-15808 15762
19089 14720
11306 -18075
-15642 -18959
18293 -18513
17918 -14449
15662 12958
11610 -21109
-16439 -12986
-16984 15156
-14876 -12698
17577 13941
11675 -16280
14451 18636
13736 -20801
11870 -11607
-17930 13950
16312 -18818
13893 16229
-14739 -21014
18510 -13755
17689 17752
15531 -15731
16251 18258
17592 -16682
-22080 -13836
-15431 -17474
16437 -15135
-12714 -15304
18572 -12299
-20396 17818
-14057 19102
16931 19333
12615 14740
-14598 14253
18443 -17600
12313 -19795
-18817 -12506
18235 13095
16049 -17828
16788 15238
12022 -19363
-15609 14868
16862 12474
13801 -16982
-19717 -12186
-14935 16482
20392 17659
-18869 13236
-12599 -16340
16688 15954
11970 -17346
15470 -17061
18442 -17175
-20135 16524
-12544 -14435
16107 -16140
18946 -12478
13899 17110
-22803 -19859
-15963 -14096
-16876 16057
-17668 14394
19920 -13734
15242 19041
17511 16357
-18060 15795
-16843 -15450
14123 -14927
-14352 -14678
14394 -16192
-19595 -14919
20498 -14749
12510 16187
16055 14869
16217 14467
-19752 16094
-13666 -20302
18180 -17422
-15815 -11984
-15187 17922
-17025 13456
-12413 -15213
18008 -14463
-12782 -16349
18454 -18547
15566 -14952
11823 16734
-17738 -17153
16417 18157
-15241 11900
-18137 -17756
-10400 -18920
15831 -14495
15705 -17623
16128 -14202
11733 17195
-17313 -17629
-15731 -20282
20303 -14019
10712 16957
-16912 15695
17263 14144
13849 -15422
-16952 -12607
-12974 13779
13991 -15289
-13773 -16012
15342 -18672
-15425 -11066
16880 18159
16296 12726
17966 17663
10806 12952
-15411 -16119
20928 19676
-16344 15812
16123 11996
-14836 -17378
-18481 -12274
-18511 18591
-15680 13942
14065 -18863
-15151 19706
21166 15822
-18524 -20209
-17490 -14433
-14759 22187
-12202 13074
16075 16064
-16371 -15428
-14020 16411
17841 16309
16818 14952
16514 -20183
-19411 -12565
-17318 19402
17102 -16625
16991 -13018
-16229 -13062
12602 -17628
-16051 -11015
16865 18138
-16412 20044
17254 15171
14971 14676
14964 18727
17808 16470
13832 -15052
-20402 13018
-15957 -17391
21894 14178
13499 -18269
-17315 15753
14813 13165
-19816 -17244
-13766 -15026
17440 18683
12317 15824
-19262 -17387
16824 17325
-16448 14888
-14087 17014
15082 16773
16976 17248
15445 14882
-16992 -20893
-21301 -15724
-14314 17308
20328 -16290
15125 -12787
-17005 16457
17555 15002
-18167 15301
-15926 -16166
-12778 11920
19779 -13003
16240 15291
17024 -19423
-16087 15906
-14028 17162
19749 13221
11597 -19760
-17669 -15481
18165 13466
16078 -16753
16172 -12853
-17999 -14322
-15294 -15699
-14249 16679
13154 -14952
-16318 16800
-10628 -15401
15739 -19174
-17795 -14405
14678 14697
16135 -18237
-17263 14604
-15087 -18696
-14796 -15664
-15587 14499
-15862 16503
-13217 16104
-15260 15365
-14286 16507
-18767 17867
-12344 13868
20341 -12715
-16339 19160
-11478 16794
12886 17716
-19886 15281
19417 -20584
-18976 -14612
-16933 18179
16566 16252
17340 -16240
14375 16972
-17256 14548
18141 15361
16182 11803
10413 -14818
-19555 17886
18773 -17492
16330 19154
13002 -14998
18280 -14922
12579 -13174
-15155 17503
-14266 16004
-15008 18069
18679 -15164
16971 16193
-17802 10675
14928 -16726
-17857 13912
18146 -18875
-19354 16981
-13751 14951
17678 16147
16141 17240
-20497 -18762
-12804 -14710
16490 13767
16524 15754
-12261 15216
17697 -18354
-18097 -11256
-13815 13782
19302 -14174
15098 16156
16027 -20101
17156 -13179
16216 15398
15456 -18320
13657 -16838
-16286 -14001
20314 18466
15574 18871
-18987 -18331
-15053 16651
-19018 13661
-14185 16014
16844 -20669
-18951 -12402
-16252 13726
-16351 -14012
-15475 16472
19927 -18060
14377 -16893
19161 19910
14211 14312
-16480 -16374
-18356 13000
-15795 -15163
-11756 16018
16047 13350
-16849 -13223
-13379 17622
17531 -16259
14345 21867
14082 13833
-16690 16997
20747 16102
11494 -18781
-14667 18625
19370 18718
15349 12462
15551 -22445
12434 -16221
-15269 16897
-13345 -20238
-15477 -16057
-14368 -15311
19062 -18877
-16485 -14515
19443 -17703
16107 -16434
16352 17227
-17846 -19351
18244 -14845
15667 16840
16941 14392
16523 -16549
16282 19219
-16442 13263
-18519 -16451
-15219 19198
15980 14664
-17265 16471
-14774 11707
-15054 17345
15332 12393
-15521 -13258
14901 16331
-21645 -16116
-15385 15515
-18816 14475
-15311 17572
-16488 -17625
-15766 -13234
-17730 13576
-14869 -18567
-16790 16914
-18121 17914
-11316 -15426
17807 -12702
13572 14417
-18508 12279
-12274 -16278
20089 20348
14407 16617
-13884 -18188
17588 -16340
-22098 -14075
-13976 13389
18459 -16557
17395 12747
13125 -16986
-17080 -14857
15098 -14799
-16962 15043
-13842 -15104
21042 17905
14128 -18266
-15901 -13531
19554 14439
-14237 -16434
18677 18343
16378 19425
-18551 15576
-17597 -16885
-11777 15430
18538 11090
15536 -16816
13624 17659
-19091 14174
-16355 -20579
-18078 -17277
-16490 -17597
-14372 -14046
15992 17955
13400 17079
-20955 16993
-14260 15788
15841 18530
-18562 13626
-14098 -14204
16817 16942
16492 -19649
11970 -10864
-11254 13364
13538 -19025
-19912 -16781
21600 -15483
14369 -11821
-17529 18517
-14374 8195
21758 -18073
11200 16839
-18394 16306
18436 17387
-18174 12604
-13768 -14651
17379 17507
16580 -17595
15082 18805
16751 11826
10734 -14614
-15845 16475
19499 15083
14556 -18378
13614 -13075
-17232 17906
-17197 -16041
-10131 -13052
15378 18558
-15820 17119
22479 13954
11406 17282
-16215 15759
19909 15950
12536 -19528
-15997 -11067
-18336 17939
-17068 18390
19321 20038
13959 14030
-19568 -15427
-14412 -15508
16895 -16633
19320 -13201
12228 16406
-17039 15179
23221 -16764
13055 -16599
-16464 -12814
19113 18876
13751 -18515
14917 -12806
-18217 17650
-14082 13324
17725 17573
12058 10618
-18750 -14919
-12909 19602
15285 16846
-20486 10146
-12667 -12811
13024 19219
-18165 15033
-13646 15456
18422 -19387
16942 -15155
12927 -13135
-19093 17120
-15521 14342
16289 10956
-16977 -14549
15025 18399
-14667 13166
18731 -16858
16011 -16542
16060 -10161
13716 18559
-17345 16044
-11439 11333
-15739 -19014
-14429 -10741
15736 16539
-19045 -14607
-14085 17152
19297 13214
12108 -20043
-14535 -14103
17524 13978
10894 -14652
-18809 17548
-13036 12884
17415 -14087
19975 -11052
13369 -13691
-15579 -8584
16516 17359
-18824 -11724
17619 12657
17140 -16823
11581 18735
-14123 14129
14718 16031
-19222 -18154
-15579 -15069
-15498 -14976
-15483 15167
14835 -21422
11203 20331
-18520 12590
17928 18516
12511 11020
-15723 -15292
-14688 20137
-13528 15268
20831 11831
15645 -16524
-19390 18749
-16365 13909
-14915 -16748
15660 -14772
18365 -14691
12695 17012
-14726 -21212
16679 -11782
-14625 14108
19919 -13331
12247 16737
16509 -14737
-18508 19826
-14089 18900
-13523 18874
20301 -20621
10773 -13939
-15793 15731
18247 -16197
13264 18205
17142 15022
15712 -18536
-16166 16014
16731 16071
-17668 17725
-15562 -13278
-14052 16720
-16459 14595
-15635 15232
-17372 11875
-14206 17439
17825 16299
14507 -18141
-17704 23067
-12985 11871
14285 -13740
16817 16598
-18545 20311
18243 16960
12215 -18316
-15300 -16788
13282 17630
-17824 14715
16412 13020
16232 -16746
-17215 -15165
15298 -11723
-17929 15034
19555 -20602
-19671 -12678
-14771 17798
-14687 -18835
21529 -13036
13008 16414
16124 -12995
-19917 14482
-12850 -18724
16976 17985
-18676 17826
-18108 -22047
-14316 -17512
19446 20293
13691 16600
-16770 -16963
14921 -17439
-22638 -13342
16443 15557
14313 -18149
13573 20025
18929 16015
20203 15311
-17510 -14213
17134 18577
-18636 -15651
19021 16535
13748 11118
-17363 13042
17000 13754
14046 -18272
-17713 -16362
16115 23361
-18769 15854
18515 -17534
-17607 -15213
-16624 14553
19549 -15904
11657 -15254
-20011 18437
-16207 18462
16230 13824
15178 -16230
12933 -13621
-14958 -13006
-16421 12731
13860 -19145
-14806 16722
-16110 18357
-14086 14723
-15345 -19451
18778 -14565
-18932 17339
-14889 15442
17813 -14756
-19642 -14313
-15389 -16743
-13483 -21545
14811 -18103
16692 -20299
-20414 16426
-11951 -15672
15615 -14509
-17003 -15702
14686 -17485
-16491 -15102
-12833 14951
15093 -17515
-18320 14156
17983 -18111
13212 -17270
19710 14985
16038 17045
-18578 13335
16661 -16016
14807 14233
-16891 14662
-12160 -15366
-16207 -15002
17844 -15001
15088 17254
17639 14999
16822 13894
12400 14120
18583 15671
-13639 -13552
-17357 15627
-14659 -17009
-18475 18037
13557 16096
13523 -17860
-14716 -16562
-14805 18592
17218 17511
-15121 13985
19943 -20013
-16658 17666
15400 17044
15434 16147
14938 -17676
-20131 -18613
16983 -17813
14726 17518
-16595 15720
12508 -16132
-18355 -16912
16278 -13629
-18276 17578
-14191 -13305
-15154 17739
17563 12800
12952 -12011
15856 14942
-16332 -19783
-11305 17327
16604 17533
-18444 -15822
15569 -15559
-12725 -15106
18097 -18286
-15585 17453
15668 -16675
-16153 15850
17490 -14675
-17327 -15505
-13986 17484
-19448 -14777
18188 -17314
16014 -14074
-13777 16693
19889 -16118
-17014 -17846
19966 -20113
15934 15288
-19054 13028
-19251 -14911
-15673 -16000
-14259 16687
14305 -19132
-13638 18119
17884 17860
14746 -18271
-15188 18297
-15459 15897
-17920 15047
-13925 15842
17105 -15616
14800 -14364
-20514 15015
-14921 -13390
-14965 -11850
-18302 14634
-14820 -16054
-14102 -15788
-16591 20091
-16323 17468
17892 14666
14683 -17297
14983 16159
-17181 -15629
-18109 16250
-15278 -17144
16559 -16471
-19182 -15000
-18033 14082
-15784 -15910
18958 -15343
16098 -15269
19986 18694
14450 15736
-21515 17596
-14718 14588
13292 15294
-19983 15221
-13136 -15706
-17658 -17616
-16182 -13033
-16708 -16851
-14148 17953
20293 16541
13073 16205
-15463 -20513
-12613 -13102
-18004 -14762
-13500 17199
19392 11496
15832 -17495
-15781 -13015
15845 -18808
-15570 -15846
18344 -14767
17145 16916
15437 14359
-16503 13405
17349 -17634
-20114 17970
-11884 17186
15661 13932
12914 -19216
16204 -15453
-17227 -16503
-12915 18262
-17378 12814
-14073 -16452
18897 15073
13691 -17526
-12948 21900
19587 13358
14483 -18213
13525 17242
14910 16741
-17424 14763
-14609 13671
19324 -17919
16663 -14589
-15346 16585
-16765 -16619
-18687 -15847
-16711 -18021
-15901 -15916
15760 19273
-17309 12226
-13807 -20301
16128 -14838
-18195 -12983
-13757 14666
-17594 -19785
-16498 22908
-14446 10740
15480 -16835
-18936 19456
-14528 12131
15938 -17154
-18793 18393
21556 14516
14206 -13432
-19727 -16373
-12290 -18268
14878 -16013
-21006 -17709
-10988 -10979
16535 17768
17286 -15106
10882 13197
-19519 -16193
-13602 14687
11950 -19657
-17857 18234
16626 -15280
-18764 18905
-10598 12903
19654 16293
14945 -16051
-15647 17784
17084 16146
15387 15854
-17893 -16092
-10663 -16498
19616 20251
12378 11531
17809 -17312
13227 -19282
-18059 -16354
-16331 13255
-14990 -14989
-12607 20457
14959 13813
-17219 -21548
21620 -15195
14123 17738
-20111 -22355
-11445 -15708
19829 20584
13462 13364
16378 -15938
18877 13400
11252 -20296
-18576 -10521
-10195 12093
13999 -16685
-16588 14965
17612 -20480
-21777 -11847
-11889 19909
14804 10743
-19134 -17716
19695 16656
10454 11796
-16201 15272
17955 17585
17560 18761
10499 12720
-20678 -17086
-10733 -17888
15586 -13394
-14596 13939
16501 -14336
-18766 17458
-13253 14446
15147 10390
16222 -15726
11324 22261
-19759 11088
-14253 -18086
-15154 14943
-8718 -18530
16825 -15277
-18516 -16526
-8994 -16540
17239 -14185
-13233 18853
16946 16201
-18791 10160
-12454 -16459
13545 17161
-16933 15705
-14949 16182
16523 16470
-18195 12490
-15839 -16237
-12492 -16343
14671 -12542
-16642 19506
-14238 18150
-15584 20078
-18624 10175
-10021 -17385
19900 20159
14410 12653
-14061 -19349
20282 -10349
10142 13985
-18300 -15121
-12817 -14476
-15695 -12091
-14909 16955
18730 14686
16304 16887
-16087 15417
16106 18811
18646 17029
11596 12400
-12043 -16585
13701 -15486
-20875 -15141
-14965 15237
-19911 -14524
-14017 17214
20572 17422
17489 18541
13402 12612
-21755 -20064
-12052 17169
17908 17020
11668 12397
-16598 -15760
24103 18534
10187 17372
-15082 18327
19435 11823
14344 -15116
16717 13681
-20590 -16465
-9911 17371
16754 -16887
-19297 -19079
-16316 -17537
-8016 18435
12855 12900
-14328 -18268
-18522 -15546
-15453 -15931
13333 21997
-20207 20372
-16860 12737
-11813 -18768
18726 15258
-17155 -17321
17081 18217
-18492 14082
-18471 -18532
-16661 -13437
20003 19977
18398 16247
19845 12404
18874 -13960
14868 19293
-13031 13931
16676 -12448
13671 13004
15110 -18849
15939 17455
-16277 14320
-15214 -16636
15088 -11892
-17585 14958
-14660 -11905
14195 18490
16584 -22089
12930 -18487
-17198 -13709
-16467 -18816
-12324 -18334
17058 17370
-13660 -22050
18923 -12669
19464 13705
14337 -15560
-16035 20196
22265 14216
11989 17561
-17249 18462
-14361 16030
-17767 -16219
-18481 -18317
-15589 -14325
20499 -15812
11653 -13322
-20462 17844
-10416 16163
20310 14863
15330 -16032
-19008 18331
-12743 -23957
16443 -10275
13054 13311
-15394 -17612
-13894 12879
14810 -18214
-16427 -14902
-16121 18569
-14479 13389
13381 -20426
-14441 -15119
14345 -11437
-17062 18154
-15287 13514
-19279 14674
-14042 -18648
17152 19334
-20123 16578
18197 15248
14417 -15380
-19069 18746
18125 12327
17101 -13780
-14506 19407
18978 16681
-19396 16907
-15210 17017
-17572 15413
-16262 15018
18344 17878
-15047 16206
-12693 -17952
17690 17071
16348 -18213
18733 -16960
-14579 15897
17814 15315
16148 14503
13988 -17735
-17960 -15527
19471 -13838
-21717 -16782
-12582 -13458
15667 17080
-21022 -17236
-13902 17212
17350 -13854
16917 19509
-19940 15486
19606 -15829
18874 19613
-16639 14213
16234 -17405
-16395 -17643
15309 -14850
14923 -16624
14634 -16576
-15425 -15821
-15366 15434
-16104 -18760
17690 -13770
15335 -16720
-18237 -16032
15111 -12504
-18103 -15479
20294 15361
-18575 18676
-16465 -15641
-11076 -17363
-15704 -15909
-17599 15835
18278 16610
15303 18356
14584 17068
-20927 -17523
-16988 -14546
14562 19031
-18418 -16345
18870 -18845
-15159 -19125
-12185 19041
-14879 -13450
16075 20453
-15621 19526
-17259 -18647
16959 -18599
-15544 -18141
-16424 18583
18613 -17245
15521 -17636
-18826 -9709
-13138 -14629
15870 -18100
17558 16625
-18447 -18694
-15933 -14549
-16437 13824
-16032 -18671
16459 18429
-17144 18221
-15017 13129
17829 -15117
15066 13031
14454 18935
13889 15748
-16204 -17691
20147 -17746
-17858 -16569
19377 -14113
15217 -15278
13295 18521
-12776 -19425
17899 -14879
-14152 -12034
14895 20371
-19197 -17248
-14750 15050
18695 -13893
-18707 -15241
-13685 -19905
-16948 15134
-14658 14829
-15452 -16363
18132 18066
18985 18329
-19561 15169
-13219 15441
-14238 -19179
-17205 -15397
-14318 -17212
18126 -19026
15231 17293
-18022 19326
-18838 15481
-15501 19039
-17120 -20531
-13969 -18013
16814 -16282
11940 16777
14566 -14209
17552 16887
17232 -19208
-19409 14924
-14088 -12417
15086 19578
-15907 14812
-17697 -16998
-16643 -14379
-18492 -14160
17992 20360
-16899 -14789
-17288 18555
-15872 14398
-12040 -18970
20345 14333
-16536 -15975
-16395 19924
20020 15054
18219 16315
15097 -16580
-17769 16454
-12306 -19179
14005 -15870
14955 15575
-16724 16745
13893 16318
14323 16640
15369 15890
16791 -18207
-20077 -14489
16527 16030
-17647 -16159
-19501 19615
-17161 -18834
16880 -15188
16638 13770
15321 -18096
-16709 19176
-15372 -17986
-14527 -17183
17527 -15552
15221 17588
-17172 13882
-13859 -17662
20529 16477
16183 17211
-17369 -15551
-14012 19692
15575 16961
-18075 14926
-13701 15299
-12452 -15564
17899 16189
-19281 -18111
19455 17262
-20392 13469
-17884 -20149
14196 15538
13339 13013
14455 -17091
-15445 16222
13359 15245
-15679 13124
16836 -15720
-15752 18271
18604 14779
-16215 20281
15717 12481
-16938 -16763
15643 16355
-18525 -17399
-13881 -17338
-20072 -18005
-13394 -16042
-15710 16668
16473 16924
-20048 15276
-13942 -17331
15716 -16240
13671 17505
15565 -18447
18236 -13975
17386 15838
16125 -18078
-17430 -13944
17265 19075
-20771 -17868
-17574 -16737
-15597 -17033
18398 -18116
15889 17009
-15736 -16462
16883 -14120
-11242 16129
17826 15464
-16229 15544
-14985 18361
15186 17245
-15707 -14837
20343 16269
14567 -18674
16597 -13515
13373 20267
17373 15992
14142 15870
-18011 13307
-12654 16557
19245 -22589
13688 -15065
-14160 12623
-15458 -16772
15610 -16031
17726 18789
15770 13080
-16035 8901
19906 -16237
15577 16139
-16474 -17138
-16271 -15503
-18112 -15057
-14552 15033
-18060 -16731
-14565 15316
15483 -19099
-16712 -18747
19870 21750
-16078 14770
-12145 13177
18039 -17853
-19137 -13015
-16532 16649
18345 14311
-17355 15862
-19187 15472
-15426 -24501
16927 -17213
-17987 15250
-17150 -15102
-12118 16391
20885 -17138
14011 -16987
-16419 -14886
-15548 -18087
19917 -14771
11881 15428
-16138 -17234
18741 17202
15474 -17546
13559 -15984
-16030 -15889
15767 -20178
-21127 -10908
-13932 -16542
17765 -15920
-17826 19669
-17656 17190
-14041 14908
12153 -18875
-18429 -15793
19194 17416
14386 -19309
12468 15754
-15356 13268
21715 -19159
14798 -10849
-20723 -17552
-13735 -11247
14049 17335
-16495 -17232
17897 -18887
-14658 -12225
15226 14621
-12301 -12950
15318 14217
-14508 -15939
18950 18104
15317 -21494
17085 -14067
16719 17635
14470 17923
-18438 -20427
18450 -12948
16379 16558
12635 15807
-14434 9012
19894 -17738
14189 16230
15138 -17120
16377 -15301
14671 20230
-15482 12114
16684 -15766
-17602 -15949
-12802 -13946
19864 -12193
15795 17249
14757 -16009
-19879 13114
-16918 -17001
-13357 -12846
18958 17481
-18250 13691
-15648 -16307
17250 19601
13248 -17661
15925 -17461
17249 17259
-16420 -14779
-15531 -13030
-20835 -18194
-11517 -19635
16748 -14034
-17764 17207
-13099 16331
19188 -17251
11511 -10362
19695 14768
13984 -16099
-16742 15622
18149 -16989
-14831 14455
17338 -20477
-22442 -16018
-14996 -16379
19137 -13131
19591 -17598
15693 -13273
-17370 14365
19293 -18252
-19095 -16770
-13483 -12482
15507 18869
-13228 17298
13699 14096
-18153 14958
-17043 20894
-17861 12251
-11485 -20024
16904 -16712
-18380 -14926
-14018 -14484
-16518 -11998
-15222 16362
14391 -18163
-14936 16966
18087 19866
-20367 14830
-12081 -15455
17626 -16590
-22381 -14498
-13599 16817
14674 -19675
-19336 20756
-16733 14297
-16530 -14587
22220 19351
16558 15084
-16197 17476
-14574 13354
15815 -18555
15098 20640
14486 12728
-15430 -15522
17583 16749
17519 -20459
-15797 -13366
-12695 14633
16797 15555
-16898 17024
-16938 -12824
20082 16455
17478 -13659
-17104 21804
18210 -13819
16166 -15012
-18267 18903
20792 14474
16431 -14550
-14544 -12991
19451 -19049
16063 18021
17148 13600
13147 17612
-18074 14198
-16548 -15616
17962 16354
17448 -18031
15945 -13882
14839 14218
-21458 -15039
15821 -14211
-15363 -17518
-12490 -15933
13591 16075
-15877 12901
15540 -18755
