0 0
-14235 6303
-10473 -14039
-9005 -8553
-15689 -16953
-9075 -3493
11266 14251
-17323 -13935
-13655 15799
-7383 11576
19770 20162
7934 11121
-5418 -3918
-13270 -6506
-14011 13549
-10176 -16384
19993 -12748
17245 -13792
18981 -15849
-13418 4793
15675 8970
13295 17255
11146 5390
9608 -8302
-20791 6943
-11211 -17782
-11939 -12477
16409 -16461
22024 -19139
-10087 -15327
16354 -16840
12889 -17780
14409 -9652
9462 13120
-14780 7367
-12484 -17093
-16561 -11603
-16344 -15578
-11081 -14269
-13611 -5238
-9243 12984
14336 -16598
-14538 -16762
-13364 -15653
-15254 -3818
-8808 20157
-14338 9133
-14699 -16799
14925 -12625
5906 -11533
-13210 15984
-12927 13896
-10759 2989
10369 -8705
-16554 12952
-13225 -9697
-7772 13597
10443 12630
14930 14179
13139 12661
11083 15205
-19200 9897
-12105 -12786
-8459 21495
14948 12695
11445 -7541
13570 16522
14984 6814
13928 -12508
15084 -11573
12803 -9944
11570 12436
-14740 -14490
-14832 16667
-8124 9665
11084 -10443
-13527 16170
15061 -21924
-16028 -11349
15983 20564
14036 9783
6486 10278
-12626 14581
16817 17576
-13378 9189
24208 -15141
14013 20471
17460 11773
10786 -16863
-13503 -7509
15686 12768
14209 -10556
7486 22905
-13814 5885
-16217 -14837
-14518 14288
8617 13722
16308 8750
14412 15308
-15458 16690
-11037 14818
13931 11719
-15867 -15320
-15512 -12144
19023 -8469
14382 12275
-13747 -14993
-11204 -8385
-17804 -18199
-10308 -13289
15662 -13735
-18161 19226
-8146 8630
15608 -16849
12235 14339
14819 15960
-17725 17593
-15742 11798
15931 13348
19490 -13193
-15882 15493
13959 -16390
9691 12640
12627 -14400
-9650 -13839
16864 8709
-9839 -15109
-17740 -10372
16674 -11939
13279 -17685
13030 -14538
-18817 -15744
-13280 15079
-14748 12668
21010 11878
18476 -13081
12329 15494
19057 -17113
-10724 -17607
-11441 12321
13913 -11295
14240 13031
14971 -14951
-17383 13000
-16107 -16671
-18329 -8091
-15666 17484
-15355 13883
15517 -10962
15984 19480
14091 -15611
-10203 10394
-14655 -13115
-17532 -11184
15738 14297
-15382 -13450
9954 14689
-21705 6179
-13170 -12617
17477 15371
-18217 -17853
18123 -16809
15835 -21718
17346 10817
14654 -10424
-18201 10199
-11119 14619
11817 -17908
-15719 17917
-12175 -13717
15567 13124
-14464 16066
10953 -11808
14204 14216
-18844 -17881
12432 16819
-15919 -9915
-15765 -14203
14411 -11350
-16250 16068
-14060 16165
-7490 -15177
-17307 13769
11546 -20063
19375 15817
11695 14801
13380 14865
-14056 -15680
13771 -22522
-12657 -13761
-17483 17789
-21077 -16509
12784 9866
-17211 -13746
-15883 -11958
-11449 -9465
13674 -9571
-15323 14180
17095 15447
17320 -10533
-13030 -16609
-16173 -12674
-9740 16084
-16015 16158
15992 -15260
16213 -16320
15981 -12243
13540 -11008
-13824 -15452
-18123 -15233
17306 17476
15563 -14493
16323 -11265
-13984 15380
13251 -13654
20032 -13696
-15207 -16141
-23807 -14489
16571 16077
-13435 -10909
15003 13321
-10071 17499
-12914 8941
-12047 11146
-18498 13420
16272 -13759
19268 -13004
13422 -11436
8981 -14466
16231 -12897
16412 -8954
-17982 -15057
8980 -19060
14225 -9734
15617 -15080
14687 11327
-13281 12543
6745 -10857
17776 14467
17328 -11468
16126 -12719
12828 8611
12458 -19420
19135 11803
-12811 19796
-16209 -9147
16075 -13549
16956 -17400
-12832 12854
-13511 -6668
-16683 -16798
-12815 16670
-15941 10823
-16009 17173
14312 -14158
-10832 -13973
12093 -23714
15759 17528
22808 -13958
-11517 10952
9548 -8846
17134 -15379
16069 -10398
8625 -12917
14721 -16723
-17168 11848
10605 -10825
16481 -8942
15320 -12577
-20713 -12420
-14350 -16554
-16673 12347
7285 20161
-11627 -6339
-23825 -14501
17288 9469
-15242 21266
10964 -12397
14931 -18000
11961 -15365
-11667 -15501
-16161 16518
-16887 -11164
-15325 6139
-10286 15594
-15484 11001
9737 -13282
18419 -18195
-12160 -16702
14326 15323
-15014 -8253
14311 -19211
-10271 -18353
9946 15043
24019 -12373
-14743 -16173
7140 -6001
-10959 -19362
-22407 15908
11241 -14367
16627 15321
-18641 -9590
12912 -19680
17765 -18664
15595 -16011
12880 11438
9467 -12281
16292 11618
-12180 -13375
11973 12652
-7871 -9812
-16207 -21934
-15354 17346
-13776 23818
18350 12338
-16267 12297
12339 -14824
15921 9913
-18029 16598
13968 15995
-9661 -13084
-22031 11271
6210 -13668
12655 10386
-15949 -8432
13064 11951
15652 -14440
-12696 -20568
-11976 12952
-12510 -6123
-14951 -22282
-22450 12842
15473 -12681
17640 -19230
-21248 20728
10061 -16329
-13808 -16892
14744 -13288
-12833 -15396
12852 -13477
-13394 13369
-20045 -9130
16960 -18123
13051 20009
-12975 -15979
-18076 -19027
13489 -9576
18524 -11775
-17693 -15854
11230 -15748
-16283 -12425
-16830 8393
-16529 12144
14380 12913
15115 12159
17664 -17054
17750 13246
12010 -16657
-12139 13712
-20880 15067
14182 -11965
12383 -16884
-10356 15281
14256 -16002
13576 14928
16667 -12344
-13932 13133
-13556 -9863
-14228 -18369
-14874 14551
16608 12393
-15690 -13414
18875 -15957
11788 11325
13307 -15990
-12027 10342
6369 19317
13983 -12020
-13933 17866
16239 -11612
-15544 14388
15820 18064
-14809 -14052
-16507 13602
16203 -15533
-13086 9794
-9334 -18212
14518 -14897
11574 21175
15255 12741
14501 11711
12371 -17940
14311 18099
-14557 -14515
-18254 11461
-15503 13712
10399 10275
10431 -16475
-14685 9812
13559 19112
-13339 12348
12861 -16168
-15749 18762
-12038 -14401
16254 -16618
12030 -15347
13753 17355
16907 -15229
11080 -15934
10321 11729
-16205 14706
17535 -17457
19055 14444
12781 13448
-12005 -13156
15003 -10785
16394 -12095
12429 16474
13489 12908
10302 16285
-11776 15110
-10891 14480
-16018 -13240
-11886 17427
13937 -13613
12601 -15982
22028 -10416
-16115 12210
-13552 12687
-15379 -15576
15659 18398
14113 -8771
16472 -11273
-17268 11857
15533 -12390
-15261 16119
15867 13720
11040 13836
-13733 -16983
-14415 -15402
18742 12801
13754 -15582
-14864 11976
11093 -9971
-16585 14960
14759 -8764
11571 14954
17455 -18523
-15732 -16154
-14065 -10272
-10180 -19104
17767 17039
15850 11722
8786 13391
11770 -18987
-10863 18309
14074 -13349
15987 14125
-13673 13540
-11358 16074
-14859 -18913
-17207 17358
-12882 12471
13977 7104
9803 -8393
-17106 13599
13557 -16261
10893 -14022
12300 22762
-15372 12859
-15241 19171
12011 8998
-16929 17132
15547 13337
9406 -16425
-17452 15258
-13046 11345
12479 18787
-14014 -14956
-14548 -18271
-14423 -17079
-10666 -12786
-13435 14603
-13758 -16520
-14570 -9720
-16943 -13392
-13287 -14428
-18487 -11111
-9457 13262
18168 -15465
-14183 15726
-13719 13737
18755 12681
8738 10047
-15128 14755
-11528 -13449
13105 15675
-13637 13428
17222 -12099
-20509 21073
-9978 13609
15450 10395
-16731 -9273
-10553 -14378
-15534 14155
15431 10484
17407 -14144
10010 -16416
10681 -12909
-15001 18046
14644 16414
16228 -16331
7144 16398
-14638 16823
15892 16217
7850 12251
-15659 16699
14769 10971
12396 15729
-15425 10393
-13688 -13985
16232 12570
15030 12000
-13022 13222
11468 17295
14701 12657
9469 -15969
-16864 15320
10959 15515
-20716 14364
-16063 14291
14232 13112
8052 -7294
-17774 12991
14241 -17052
-18599 -7472
-13126 18017
-14672 13679
-14697 -10379
-11486 -11332
-15530 12480
17020 -16529
-11839 12654
-11806 -16988
18193 -12645
-12398 23172
14570 10062
-19403 13946
16848 14148
20502 8138
7908 -16730
-16371 19106
19443 13182
-13584 -14147
-6055 -15075
-12489 -14649
-15014 -11638
-11948 13785
14403 13978
11247 -12725
-13334 12507
-16560 12879
-12340 16161
-13544 -15391
15703 -15610
14253 12215
11064 11603
-16054 -10813
-15207 11006
-13402 9983
-10250 -16340
-20224 13130
-9662 -16633
11283 -13854
14996 -9594
13864 15146
-18260 8369
16937 12166
14479 9892
12979 -17847
16580 8048
-16167 -16598
-13035 -15404
-12272 -14457
-17100 11898
15149 -16370
19286 13277
14924 -11811
-14771 11838
-15668 13381
16262 13737
9603 -15252
-13725 -19344
15106 -16976
18040 -14166
12795 9247
9274 -18797
-13309 -12818
-15038 13976
-14527 -9727
14939 11757
7463 -15205
12003 17733
9453 -17922
10332 -11216
-16642 12470
10923 -18853
13925 13433
-12426 -17765
15458 -15305
17056 18052
13749 -13958
13349 16915
18411 -12507
-19653 -11066
-17320 -16186
15885 -12952
-9254 -12559
17451 -10107
-17350 14667
-13627 18942
12444 19860
12276 11399
-12288 13416
14822 -14489
12008 -19378
-18718 -12178
14304 11468
15201 -17830
14443 12903
10531 -17865
-13000 8203
11966 11224
12787 -13139
-16042 -10899
-16915 13561
21098 15498
-14439 13585
-12567 -15770
14008 13770
8208 -13624
11973 -14925
20081 -19275
-16832 14461
-12085 -8805
12517 -14226
18180 -11048
13514 15044
-21605 -15372
-16084 -14973
-13590 11549
-19669 14696
17379 -10686
13433 16101
17519 14605
-12145 16037
-20252 -10648
12125 -12727
-11829 -11802
11781 -14512
-18607 -11753
16438 -14341
11202 11178
11845 13916
16992 9670
-15325 17653
-16264 -18368
18784 -16486
-11121 -10334
-13016 13800
-14944 13580
-12187 -10711
17141 -11495
-7650 -15104
14434 -15927
13311 -17765
12085 16532
-18286 -14612
13939 12373
-9314 11947
-17109 -14113
-8912 -19278
11970 -12314
13765 -14706
13980 -15857
9619 15998
-12202 -12207
-17274 -21164
16725 -14064
11334 12769
-16068 13760
11520 12989
14035 -8660
-11060 -13600
-15090 11303
12935 -9841
-11729 -14326
13429 -17558
-12109 -10343
10849 15022
15845 10186
15576 14341
11516 14407
-16584 -15183
23067 15881
-14186 15122
12738 9873
-7403 -12194
-18484 -11617
-16858 13431
-18054 16861
12289 -19040
-13918 14293
21184 18502
-12249 -16400
-18845 -17296
-10775 21895
-11923 9379
13650 17209
-9372 -12599
-15425 11068
14433 14521
15161 15033
17259 -15709
-14401 -14989
-19639 20225
10315 -11234
21488 -10721
-15740 -9013
9833 -15532
-15267 -9907
15652 14185
-13774 21091
11905 13292
13419 12017
12208 16331
16213 19487
13221 -13402
-15997 10208
-18794 -16459
19017 10588
16303 -15403
-17539 7791
11423 13635
-15737 -13003
-13804 -15314
11865 13624
14177 18719
-20800 -16264
13871 12490
-9825 13052
-14582 15305
9961 15313
15074 15491
16000 14978
-12430 -17148
-21875 -18423
-14864 15187
16463 -9334
18383 -13564
-16923 13354
15530 11134
-13049 17288
-14768 -15293
-11969 8309
17212 -10354
14760 13759
17287 -18218
-9610 9507
-14682 16409
16369 11895
12225 -15864
-17817 -17342
14778 10196
13602 -12273
17293 -10714
-14761 -9242
-12614 -17414
-14051 15522
9134 -11926
-10848 13743
-9771 -9174
14577 -18411
-14990 -15599
6903 13123
17523 -17033
-13367 9951
-13280 -13721
-12065 -16776
-13058 8757
-14270 15656
-9631 13545
-12723 13663
-11593 14352
-16942 16560
-12607 13382
20638 -8572
-9670 15288
-12163 16969
12186 15176
-21927 16282
18480 -18126
-13645 -14961
-19436 13361
12614 18714
15735 -14281
14369 12189
-15284 13315
13407 11444
15267 11564
8432 -14143
-20019 18143
14914 -16625
15708 17779
9390 -9059
16509 -12282
11342 -11984
-10960 14669
-11088 12908
-14099 20452
14027 -12163
20504 10697
-18160 9649
13058 -16435
-17331 11079
16528 -17687
-15513 12008
-13254 13640
13741 12966
16683 18078
-18258 -15606
-11948 -14328
12325 8614
17411 13403
-8303 14309
15537 -14357
-12995 -10797
-14059 12067
17492 -11749
13371 13672
13490 -16801
16235 -13599
14418 13481
12723 -15341
12577 -15549
-13909 -12554
16824 14630
16635 21516
-16829 -16987
-13463 12259
-17303 10402
-14639 15850
15684 -18302
-15949 -11865
-15527 11659
-13623 -11360
-15527 14203
17953 -14101
12501 -17653
17858 16460
13537 15573
-12671 -15798
-18368 9364
-13083 -11547
-9982 10050
14066 14111
-12388 -11238
-12524 17224
14913 -14063
11003 20256
13587 12069
-14934 13968
18110 17298
10501 -18379
-12607 15527
17000 18524
13836 10358
12714 -21040
10224 -18117
-10827 15859
-10972 -18304
-11390 -15059
-15098 -12594
20109 -18431
-14598 -12381
17227 -15251
13799 -17858
17300 15851
-16622 -16248
14616 -14529
14405 12331
15375 14966
14212 -14880
16584 15661
-13023 13566
-17100 -15265
-16002 16632
14363 12525
-14088 14785
-11436 7661
-15557 14951
14234 11722
-13809 -11053
12222 15100
-20343 -13856
-13708 11246
-18239 11115
-13141 18061
-14677 -13778
-13671 -12671
-16752 11040
-12315 -17316
-15231 12106
-17060 19224
-8540 -10576
14629 -10786
12246 9110
-15542 11117
-10376 -14381
17381 17199
15347 18204
-12034 -16172
16276 -13799
-19945 -14223
-14350 11304
16722 -15453
15418 8592
12766 -13684
-16661 -11485
11977 -15566
-12570 13656
-12872 -13111
18495 16219
15230 -13957
-15658 -13738
19824 12394
-10200 -14318
14796 15418
17856 18913
-16425 16207
-16420 -15242
-9453 10331
16653 9179
12948 -15077
12365 13273
-17090 13905
-14931 -19249
-17309 -16953
-14573 -15539
-12926 -13465
11245 15414
12343 15848
-19034 15750
-14795 13828
13986 16951
-14873 13586
-14006 -12303
13831 15064
14174 -15944
10917 -9674
-8326 10612
11394 -16182
-19944 -16270
19272 -12618
14509 -9552
-13646 15076
-14182 5520
20226 -17820
10920 12453
-19387 15865
17052 14539
-13177 13154
-13672 -13667
14228 17261
15395 -15509
12846 14065
14120 12141
9315 -12449
-14576 11821
17328 14931
11897 -14380
12619 -13531
-14115 16853
-15166 -10044
-8966 -13149
15058 16044
-14051 16783
20425 10220
11645 16682
-15251 12583
16603 16372
12252 -16603
-12535 -9656
-16920 14646
-18206 18794
15800 19051
14496 14252
-16594 -10924
-15220 -14007
13747 -14082
18278 -12317
12669 11329
-16439 16230
20743 -13317
14995 -14103
-16052 -13535
15971 19274
10941 -13896
14484 -13017
-13933 14265
-14255 11148
13286 14715
11803 10417
-15087 -13878
-13786 17093
13410 15164
-16210 9150
-14511 -11036
9935 17164
-12833 11733
-15171 16880
15804 -17101
15604 -12657
11590 -12672
-13785 13771
-20145 10834
17504 10209
-17274 -12549
13451 13486
-12003 13982
14573 -12975
15535 -15071
12823 -8155
13859 15889
-13556 14456
-8626 9058
-11026 -14581
-16468 -11988
14050 16836
-14307 -11012
-15302 10918
15082 13849
13840 -15929
-12700 -16775
12583 12350
10066 -11100
-14674 11210
-14573 13909
14462 -8823
18559 -7722
16452 -8232
-16569 -8184
16572 18981
-17945 -8476
12214 10343
15600 -16059
12433 15137
-13055 10646
11962 17666
-14698 -15275
-15526 -11329
-11548 -17633
-15845 15231
8145 -22768
11355 16622
-18229 10613
11957 16006
13127 10880
-11985 -14050
-11686 17526
-12625 13064
17308 11274
18383 -15293
-16894 13902
-15034 15130
-14608 -13525
10503 -11283
16943 -15740
13835 15388
-14574 -16639
16172 -13865
-11958 13687
17472 -11393
8036 15927
17507 -11999
-15227 17101
-11444 17642
-12074 21827
16716 -17183
10941 -15759
-14902 14902
14789 -13673
11211 12979
13477 16912
18538 -18049
-15537 11013
14878 13402
-13317 20046
-14343 -9840
-10844 12621
-14459 12373
-13818 12702
-15381 8375
-13755 13973
14010 18621
14262 -17395
-13648 20239
-11896 13145
8007 -12251
18738 13244
-17018 19541
12430 18559
13713 -13876
-14550 -18706
10113 14432
-15472 12227
9152 11509
19603 -13082
-17282 -12300
13522 -10557
-17355 12905
18758 -17343
-16355 -13251
-12379 16899
-14646 -14070
20751 -13775
9647 15714
15691 -9580
-16355 11862
-13558 -17053
16374 12519
-15805 20150
-17069 -20065
-13715 -19637
16358 17816
14444 17683
-16623 -13343
13151 -15987
-23626 -13100
11136 14381
12706 -17444
9929 17896
16996 13771
24042 15612
-16984 -11998
15744 17753
-16979 -11913
14970 11852
13729 7943
-15426 8169
11868 12013
14740 -15245
-18271 -16759
14933 22681
-18248 16061
16442 -13655
-12719 -15552
-17392 11377
17583 -11281
9270 -15016
-18057 16270
-16734 17556
13096 12593
12484 -13418
10511 -9626
-10052 -11389
-16635 9699
10001 -18660
-9812 12909
-15185 17636
-9918 13657
-15135 -17199
17738 -13465
-15309 13988
-15069 14680
16972 -10302
-17611 -11742
-13562 -14396
-10725 -23195
9447 -16398
16832 -22678
-18560 13722
-10517 -11060
14109 -12314
-15270 -13442
10770 -15516
-11947 -14977
-11885 12952
13207 -15970
-17254 9923
15162 -14293
9999 -18154
18988 10940
15877 15175
-17113 11635
12078 -13477
14131 8810
-14069 13431
-8043 -11666
-15075 -12094
14779 -13837
13093 14343
16147 12662
16083 11304
7638 9772
19044 15888
-8222 -10775
-16528 13502
-11458 -14626
-18696 14158
7798 15952
11286 -14399
-9621 -16903
-14723 16822
16641 15737
-13215 13438
20221 -20147
-14153 14411
11300 15487
12600 15756
14357 -15117
-19622 -17627
12255 -18218
14773 14141
-15395 15110
8841 -12807
-17707 -14926
13824 -12704
-15864 16728
-11036 -9096
-13950 14497
15239 10944
9193 -8346
14309 12666
-12214 -19122
-8969 13277
15702 18171
-17684 -12168
12806 -13680
-8782 -11859
17271 -19493
-12997 16001
13021 -14255
-13696 12361
15387 -9362
-14417 -14786
-10675 15518
-19871 -10294
14854 -15831
16333 -12512
-11338 14728
20247 -12647
-14878 -16565
17872 -21222
15588 10670
-17117 10335
-19656 -10606
-12988 -15445
-12795 14943
11248 -17702
-9578 14385
14902 19053
13353 -17005
-11180 15447
-13587 14726
-16331 11784
-12000 14614
14060 -11303
13490 -13149
-19382 11727
-13096 -7672
-11918 -9367
-17744 11535
-12363 -11826
-11180 -15156
-14105 18742
-16206 16155
15790 13843
11584 -16416
13855 14191
-14489 -13128
-16763 13665
-14910 -13959
14767 -14413
-17264 -14212
-16957 10888
-15054 -12633
16914 -12467
14695 -14283
19411 16695
13333 13923
-20659 16247
-14006 12381
9753 12200
-18597 14067
-10041 -11634
-16252 -17202
-14771 -8702
-14586 -16598
-12593 15316
18495 14714
11387 15988
-11786 -19632
-9173 -9537
-16331 -13232
-11657 13643
16378 9235
16958 -15020
-14786 -9602
14055 -18245
-13035 -13560
15702 -13851
15133 13898
16150 11072
-15572 12141
15739 -16440
-17525 14717
-10307 15948
12708 12826
8446 -17641
15900 -12892
-14004 -16147
-10025 14273
-15182 12778
-12801 -16246
15730 13371
13518 -16238
-9718 19957
17395 13434
12676 -17379
9490 13117
13555 16409
-13203 11241
-14540 12206
16761 -14281
17560 -14879
-11086 14633
-15127 -11819
-18689 -15101
-14160 -15799
-16763 -16693
12954 16628
-11920 11147
-14621 -19171
14747 -11959
-14792 -12511
-11179 13103
-16448 -19525
-13878 20358
-14702 10783
12819 -16072
-14045 15587
-16448 12052
15521 -16012
-17956 13443
18395 15029
15380 -7943
-16802 -14801
-12199 -17242
12808 -14913
-17997 -15012
-10590 -11442
13395 19104
15793 -13798
8746 10922
-15861 -15816
-15913 13851
10003 -20894
-17929 17515
14120 -12221
-14284 15844
-9325 8794
16652 17615
16091 -14157
-13064 14084
11536 14280
16685 15817
-14231 -10767
-9420 -18006
18178 17779
9283 10613
15325 -14443
13199 -18106
-15224 -18708
-15434 10711
-11247 -12259
-12539 17048
13713 14339
-15407 -18749
18155 -18036
15371 17377
-17670 -19297
-10947 -18063
18182 17979
11012 15088
14055 -15247
18242 9148
9608 -15469
-14540 -11469
-10856 11445
13717 -16573
-16215 11997
15804 -16486
-17206 -12147
-14425 16752
14561 11052
-18506 -17827
14689 12002
11322 8719
-15663 11923
13559 16770
17182 17609
8118 12708
-17274 -13937
-11861 -15740
16409 -15157
-13264 13041
14699 -12206
-13878 13829
-14275 10915
10485 10001
14172 -14867
9903 19377
-17193 12578
-13243 -19465
-10760 12051
-7240 -14354
15969 -13773
-12571 -15361
-10116 -13350
19692 -15432
-11534 16694
15371 13884
-13514 9407
-13667 -15999
10128 12529
-10057 14305
-18236 14582
16322 13715
-14733 12154
-13239 -12436
-13125 -14007
13176 -12369
-12111 16790
-12024 18433
-13077 19199
-17658 10045
-7998 -17431
16379 16540
16688 12506
-11638 -14829
16338 -11870
9723 13121
-15390 -10549
-10792 -11182
-11673 -11241
-15590 12911
13290 12619
20347 15333
-14881 12609
10438 18992
17647 14603
12668 12792
-10686 -13480
11864 -11399
-18409 -18487
-13660 14982
-18399 -11788
-15744 11481
18727 18085
16457 15784
13640 14959
-19565 -21900
-12171 12505
13025 14894
13361 13775
-16671 -15383
21669 14522
12541 17516
-15262 16057
17020 13450
10972 -15078
18331 12012
-16450 -16048
-11138 15763
17713 -11505
-16436 -18059
-14479 -20242
-5930 13864
10566 14137
-8854 -16064
-16972 -12365
-17352 -17946
10487 20751
-17439 20145
-15182 14776
-12757 -20943
21005 13670
-16464 -15114
14892 12331
-13635 15702
-18194 -14873
-17658 -13810
16718 18131
18997 14388
19633 11661
18047 -10929
15700 14811
-9374 15517
12017 -10082
11750 10344
11285 -17763
16295 11898
-10538 14509
-16644 -11265
12318 -12583
-12560 14454
-15307 -9169
8985 18500
14803 -20081
11776 -19017
-13796 -11204
-14487 -16005
-11429 -21886
16099 16224
-9573 -19010
15480 -13805
19146 11921
15102 -13178
-14483 17308
20337 12694
11555 15625
-14291 17653
-11965 16075
-16282 -11405
-17604 -18707
-15933 -11162
18374 -13487
10197 -11906
-18297 14790
-8714 13712
18539 15878
15720 -15288
-15879 17385
-11619 -22073
12334 -10773
11380 12425
-9670 -17438
-14301 8614
12797 -14251
-12564 -15123
-13545 14947
-14697 13222
10849 -19259
-11794 -13016
10907 -8853
-13067 15828
-13633 9643
-17852 14629
-14692 -18350
17043 16934
-19627 14425
13435 15691
15088 -13034
-18370 15322
13346 11106
19271 -10663
-12707 16784
18405 15809
-16652 15305
-13971 15574
-15204 13248
-17043 12770
17073 15618
-9570 17705
-11122 -17831
15278 14977
13850 -14201
20393 -17752
-11522 12101
15107 12876
13676 12861
13715 -14502
-17760 -14055
18578 -10676
-19487 -14214
-11888 -13071
13716 17016
-19461 -16399
-12529 15611
13365 -9648
18557 16154
-19685 15597
16393 -13472
21441 17153
-15367 13268
14232 -14687
-13852 -16826
11123 -12244
12042 -15141
13266 -14244
-11893 -15463
-12645 12808
-15100 -16432
13933 -11087
15751 -14764
-18086 -14593
12665 -8243
-17117 -13758
19550 10434
-15298 19667
-15640 -11719
-6486 -16013
-12568 -14751
-18044 11892
16179 15410
12780 17125
12935 16685
-19210 -13687
-18012 -14289
12229 18659
-17783 -12759
17606 -17717
-11023 -21106
-7578 18513
-13620 -9164
13388 18534
-11099 20986
-17567 -16242
14361 -17665
-10590 -19226
-16054 17505
15973 -13791
14829 -17125
-16670 -4885
-10880 -10260
11857 -19155
17804 14334
-15890 -15527
-14832 -14236
-13606 11339
-15846 -17986
13955 16022
-13096 17358
-14520 11371
15459 -12106
13147 7631
10755 18276
12894 14941
-15122 -14656
20503 -17013
-16141 -15387
17402 -10268
12670 -14974
11691 17682
-9683 -17626
17244 -12151
-10757 -10247
11379 21550
-16216 -15573
-14565 11563
18054 -9144
-16275 -12263
-10838 -20666
-15357 10135
-11829 14080
-13787 -14166
14817 15178
20417 18188
-17914 12466
-10208 14203
-11190 -17081
-15372 -13833
-12681 -15062
15371 -19881
14300 13516
-15107 20066
-19113 12480
-13154 20186
-15565 -19193
-12096 -16879
13695 -16749
8361 15910
11275 -11892
16105 16192
17127 -19123
-16516 11716
-13305 -7777
12016 17422
-11486 13671
-17524 -14108
-13940 -11300
-19867 -13132
16188 20691
-12692 -10912
-16869 15146
-13201 14418
-9839 -18924
20116 10835
-11787 -13315
-16510 18223
18199 12366
17950 16323
13368 -14721
-14496 13732
-9639 -16162
8831 -15678
14243 11573
-14353 15446
8286 14675
12500 14365
11528 15384
17912 -14956
-20333 -14228
13617 14768
-13923 -14410
-19512 18702
-17474 -14976
13550 -15639
14900 11118
14274 -17376
-13391 18066
-13198 -14515
-12776 -15989
13849 -14486
14725 13840
-13954 13337
-12346 -16285
18616 11623
16312 18570
-13523 -13115
-13720 17082
13435 16858
-15353 10912
-10223 16021
-11192 -14342
18292 14617
-19409 -16294
18397 12382
-17107 13380
-19555 -20020
9912 10063
9256 11977
13904 -15661
-13768 12078
10319 12826
-14147 11707
15855 -13599
-14125 15488
18456 12524
-14494 19899
13754 11211
-15328 -15630
12705 13923
-15904 -13905
-10959 -16714
-20637 -16445
-9410 -15546
-15233 13707
14316 15202
-17693 13946
-12873 -13515
12500 -16933
10355 15896
13276 -14976
17694 -13481
15290 13555
16798 -14292
-16825 -13756
15767 19008
-19352 -14553
-16572 -16253
-14646 -14081
14902 -19880
16557 15192
-14710 -12147
15810 -12935
-6880 12420
16283 13659
-11238 13326
-15326 16666
13457 18502
-13523 -12537
19053 13803
12155 -15350
15020 -12447
9977 19132
15701 14304
12425 14173
-14949 9010
-10769 16506
17114 -21708
12107 -15185
-8843 8491
-15126 -12500
11941 -16404
16036 16904
16233 9496
-13718 5354
16914 -15318
16055 13999
-13033 -13899
-14779 -12609
-17116 -15371
-12303 13290
-15858 -15063
-15206 11716
14545 -14973
-15639 -21608
18980 21285
-10650 12556
-11095 10700
16735 -13961
-14923 -11990
-18556 13664
18151 11959
-13683 12881
-18647 15219
-16258 -23595
15637 -20236
-14686 13975
-16074 -12958
-10052 14007
19338 -12813
13131 -16212
-11683 -12697
-15863 -15734
17266 -15988
11437 14681
-15430 -16611
16756 15205
12247 -13210
14008 -15183
-15282 -12981
13078 -21016
-18165 -6577
-15042 -13516
17168 -16556
-14189 17669
-16652 16185
-13661 13763
8868 -14317
-17660 -18246
16292 17715
11608 -18320
11231 9536
-13068 13153
19224 -17260
15557 -7003
-18473 -14878
-14897 -10462
12751 16677
-16016 -13354
17764 -18262
-12496 -11632
13511 13398
-8884 -10011
13290 11955
-11124 -14380
15510 16952
13966 -19406
15314 -13409
14742 13808
13956 19332
-17571 -18352
15344 -12010
14637 13617
11195 13363
-11893 6080
18004 -17596
11762 13706
12974 -12757
13290 -15180
15098 17860
-13686 10437
14110 -11887
-12926 -15012
-12247 -9392
18842 -11551
13366 17281
14177 -13917
-18474 8453
-14967 -12302
-12752 -11382
18486 13595
-14150 13820
-16087 -15263
14198 18415
10559 -11972
12741 -19916
18057 16051
-12373 -9863
-13843 -9612
-20520 -17114
-10107 -19407
15010 -12776
-13177 13084
-12730 16720
17522 -12904
7961 -9435
17691 14055
15490 -15283
-17383 14104
18352 -15576
-12676 11199
15797 -18383
-20522 -14776
-15335 -14737
17025 -9746
19154 -15530
16524 -12306
-17016 11607
18474 -15226
-15205 -15456
-13558 -10273
14084 16391
-9507 16594
9828 11219
-14771 12067
-16508 21127
-16182 10478
-9669 -18622
15691 -15574
-15474 -12692
-11809 -10803
-13396 -10686
-15879 15373
12466 -16804
-12897 12782
16737 19881
-17299 14480
-11323 -11954
16748 -13850
-20704 -14756
-13450 16124
12644 -19176
-17433 17756
-14923 14437
-16725 -12150
20993 17088
16914 13312
-11942 15389
-14019 12485
12524 -17534
11924 17694
13982 12891
-12835 -14449
13677 14977
17809 -18258
-10557 -12232
-12015 10230
14922 12800
-12249 17613
-17611 -9354
16886 14943
19809 -10525
-15518 21864
14099 -6872
17188 -14695
-16780 16172
17306 13827
18113 -10536
-12413 -8582
17313 -20336
14869 14875
15093 11309
11433 15104
-14559 14211
-17292 -13944
15079 13795
16961 -13824
12839 -13639
15685 10976
-23031 -10122
12423 -11687
-9726 -15901
-11486 -15139
10564 10792
-12633 11734
9861 -16029
